Current Solution Strategy
8 Voters 4 Alternatives 
30 Questions for 10 runs 
Mean of Regret reduced by half in -1 questions 
Mean of Regret reduced by four in -1 questions 
Mean of Regret reduced by eight in -1 questions 
Mean of Average Loss reduced by half in 6 questions 
Mean of Average Loss reduced by four in 25 questions 
Mean of Average Loss reduced by eight in -1 questions 
k 	 Mean of Regrets 
0 	8.0
1	8.0
2	8.0
3	7.333333333333334
4	6.933333333333334
5	6.800000000000001
6	6.666666666666667
7	6.666666666666667
8	6.666666666666667
9	6.666666666666667
10	6.666666666666667
11	6.666666666666667
12	6.666666666666667
13	6.666666666666667
14	6.666666666666667
15	6.666666666666667
16	6.666666666666667
17	6.666666666666667
18	6.666666666666667
19	6.666666666666667
20	6.666666666666667
21	6.666666666666667
22	6.666666666666667
23	6.666666666666667
24	6.666666666666667
25	6.666666666666667
26	6.666666666666667
27	6.666666666666667
28	6.666666666666667
29	6.666666666666667
30	6.666666666666667
k 	 Mean of Average Losses 
0 	1.247821835218219
1	1.247821835218219
2	1.122765023348863
3	1.1590887489027857
4	0.6389145566875286
5	1.0144732309172446
6	0.603744299204607
7	0.48626384065695466
8	0.8872222228385859
9	0.880447659398172
10	1.3926063143294876
11	0.739496768483219
12	0.6010570858148276
13	0.7346496369922109
14	0.769587744389299
15	0.9701190580540069
16	0.8066043077206847
17	1.0459433288770086
18	1.2504887834711027
19	0.33912109650699934
20	0.47921957302471807
21	0.997163275743782
22	0.7556814619284827
23	0.6639627837682319
24	0.764379740164431
25	0.2918092655255053
26	1.0938469158072026
27	1.0210215703382475
28	1.1236251539838198
29	1.0772791414002583
30	1.384695223769349
k 	 Standard Deviations of Regrets 
1	0.0
2	0.0
3	0.6666666666666665
4	0.5333333333333333
5	0.39999999999999997
6	0.0
7	0.0
8	0.0
9	0.0
10	0.0
11	0.0
12	0.0
13	0.0
14	0.0
15	0.0
16	0.0
17	0.0
18	0.0
19	0.0
20	0.0
21	0.0
22	0.0
23	0.0
24	0.0
25	0.0
26	0.0
27	0.0
28	0.0
29	0.0
30	0.0
k 	 Standard Deviations of Average Losses 
1	0.0
2	0.0
3	0.6666666666666665
4	0.5333333333333333
5	0.39999999999999997
6	0.0
7	0.0
8	0.0
9	0.0
10	0.0
11	0.0
12	0.0
13	0.0
14	0.0
15	0.0
16	0.0
17	0.0
18	0.0
19	0.0
20	0.0
21	0.0
22	0.0
23	0.0
24	0.0
25	0.0
26	0.0
27	0.0
28	0.0
29	0.0
30	0.0
Duration 9.14400 seconds 
Questions to the voters: 1353 Question to the committee: 0