3 Voters 3 Alternatives 
Mean of Regret reduced by half in 3 questions 
Mean of Regret reduced by four in 5 questions 
Mean of Regret reduced by eight in 8 questions 
Mean of Average Loss reduced by half in 3 questions 
Mean of Average Loss reduced by four in 5 questions 
Mean of Average Loss reduced by eight in 7 questions 
k 	 Mean of Regrets 
0 	3.0
1	3.0
2	2.07
3	1.4200000000000004
4	1.17
5	0.6766666666666665
6	0.7000000000000001
7	0.4399999999999999
8	0.20333333333333328
9	0.05666666666666667
10	4.9E-324
11	4.9E-324
12	4.9E-324
13	4.9E-324
14	4.9E-324
15	4.9E-324
16	4.9E-324
17	4.9E-324
18	4.9E-324
19	4.9E-324
20	4.9E-324
21	4.9E-324
22	4.9E-324
23	4.9E-324
24	4.9E-324
25	4.9E-324
26	4.9E-324
27	4.9E-324
28	4.9E-324
29	4.9E-324
30	4.9E-324
k 	 Mean of Average Losses 
0 	0.8589866061243762
1	0.8589866061243762
2	0.4957393646996642
3	0.34270477443516756
4	0.2206619628760689
5	0.13039488051697673
6	0.2798313719507547
7	0.09032342015578705
8	0.055072234365182986
9	0.02781485106914309
10	0.0
11	0.0
12	0.0
13	0.0
14	0.0
15	0.0
16	0.0
17	0.0
18	0.0
19	0.0
20	0.0
21	0.0
22	0.0
23	0.0
24	0.0
25	0.0
26	0.0
27	0.0
28	0.0
29	0.0
30	0.0
k 	 Standard Deviations of Regrets 
1	0.0
2	0.7280796659706957
3	0.18330302779823363
4	0.3407345007480164
5	0.47423622805517507
6	0.443471156521669
7	0.43430659933072885
8	0.34040825162997707
9	0.18442101591497403
10	0.0
11	0.0
12	0.0
13	0.0
14	0.0
15	0.0
16	0.0
17	0.0
18	0.0
19	0.0
20	0.0
21	0.0
22	0.0
23	0.0
24	0.0
25	0.0
26	0.0
27	0.0
28	0.0
29	0.0
30	0.0
k 	 Standard Deviations of Average Losses 
1	0.0
2	0.7280796659706957
3	0.18330302779823363
4	0.3407345007480164
5	0.47423622805517507
6	0.443471156521669
7	0.43430659933072885
8	0.34040825162997707
9	0.18442101591497403
10	0.0
11	0.0
12	0.0
13	0.0
14	0.0
15	0.0
16	0.0
17	0.0
18	0.0
19	0.0
20	0.0
21	0.0
22	0.0
23	0.0
24	0.0
25	0.0
26	0.0
27	0.0
28	0.0
29	0.0
30	0.0
Duration 472002011,53500 seconds