3 Voters 3 Alternatives 
Mean of Regret reduced by half in 3 questions 
Mean of Regret reduced by four in 6 questions 
Mean of Regret reduced by eight in 7 questions 
Mean of Average Loss reduced by half in 2 questions 
Mean of Average Loss reduced by four in 3 questions 
Mean of Average Loss reduced by eight in 8 questions 
k 	 Mean of Regrets 
0 	3.0
1	3.0
2	1.8300000000000007
3	1.38
4	1.17
5	0.7733333333333334
6	0.6999999999999998
7	0.3733333333333334
8	0.18666666666666665
9	0.006666666666666668
10	4.9E-324
11	4.9E-324
12	4.9E-324
13	4.9E-324
14	4.9E-324
15	4.9E-324
16	4.9E-324
17	4.9E-324
18	4.9E-324
19	4.9E-324
20	4.9E-324
21	4.9E-324
22	4.9E-324
23	4.9E-324
24	4.9E-324
25	4.9E-324
26	4.9E-324
27	4.9E-324
28	4.9E-324
29	4.9E-324
30	4.9E-324
k 	 Mean of Average Losses 
0 	0.7829922341624601
1	0.7829922341624601
2	0.32823881670295946
3	0.14897794242031842
4	0.1547616493895023
5	0.16914059078777532
6	0.20014585733103654
7	0.11372826513232187
8	0.0629555367821874
9	0.004599226016844047
10	0.0
11	0.0
12	0.0
13	0.0
14	0.0
15	0.0
16	0.0
17	0.0
18	0.0
19	0.0
20	0.0
21	0.0
22	0.0
23	0.0
24	0.0
25	0.0
26	0.0
27	0.0
28	0.0
29	0.0
30	0.0
k 	 Standard Deviations of Regrets 
1	0.0
2	0.6213694553162395
3	0.21354156504062619
4	0.2934280150224243
5	0.44815671862022155
6	0.43333333333333335
7	0.4404038550643665
8	0.31026870075253593
9	0.04666666666666666
10	0.0
11	0.0
12	0.0
13	0.0
14	0.0
15	0.0
16	0.0
17	0.0
18	0.0
19	0.0
20	0.0
21	0.0
22	0.0
23	0.0
24	0.0
25	0.0
26	0.0
27	0.0
28	0.0
29	0.0
30	0.0
k 	 Standard Deviations of Average Losses 
1	0.0
2	0.6213694553162395
3	0.21354156504062619
4	0.2934280150224243
5	0.44815671862022155
6	0.43333333333333335
7	0.4404038550643665
8	0.31026870075253593
9	0.04666666666666666
10	0.0
11	0.0
12	0.0
13	0.0
14	0.0
15	0.0
16	0.0
17	0.0
18	0.0
19	0.0
20	0.0
21	0.0
22	0.0
23	0.0
24	0.0
25	0.0
26	0.0
27	0.0
28	0.0
29	0.0
30	0.0
Duration 463605954,37500 seconds