3 Voters 3 Alternatives 
Mean of Regret reduced by half in 6 questions 
Mean of Regret reduced by four in 12 questions 
Mean of Regret reduced by eight in 14 questions 
Mean of Average Loss reduced by half in 4 questions 
Mean of Average Loss reduced by four in 6 questions 
Mean of Average Loss reduced by eight in 12 questions 
k 	 Mean of Regrets 
0 	3.0
1	3.0
2	2.746666666666666
3	2.417238095238094
4	2.0912400932400934
5	1.8610687530184487
6	1.3905446405446402
7	1.2902409561283965
8	0.9448710029042268
9	1.0241942301196167
10	0.758912824401308
11	0.7973913189399895
12	0.47617823115969765
13	0.4579572050938465
14	0.3023312994121149
15	0.1888030661254827
16	0.09552355996331953
17	0.14914538811213332
18	0.14670302905995805
19	0.011226303952018851
20	0.07942042746712213
21	0.026603434178250215
22	0.006531914045369372
23	0.0349037228033673
24	0.02000000000000001
25	4.9E-324
26	0.019999999999999997
27	4.9E-324
28	4.9E-324
29	4.9E-324
30	4.9E-324
k 	 Mean of Average Losses 
0 	0.8761177107899554
1	0.8761177107899554
2	0.638391956346597
3	0.5405483765051384
4	0.42896105621755065
5	0.3955366261487428
6	0.18949351910429438
7	0.23666286947315618
8	0.14731949712984121
9	0.30394827219941084
10	0.16754093353997748
11	0.1405409947363222
12	0.06625925038243352
13	0.15335760578177624
14	0.06676040495001405
15	0.052659483470554616
16	0.030520769776697466
17	0.051298607197616426
18	0.0102439892426326
19	0.00245247683340966
20	0.03295898876708999
21	0.010000000000000002
22	0.0
23	0.0
24	0.02000000000000001
25	0.0
26	0.010000000000000005
27	0.0
28	0.0
29	0.0
30	0.0
k 	 Standard Deviations of Regrets 
1	0.0
2	0.3745219174716837
3	0.6541053955447282
4	0.6306752719368514
5	0.7881798415207524
6	0.8137625673355148
7	0.816298834669801
8	0.7264511221992497
9	0.7455354624010337
10	0.6782431572182787
11	0.6332945540176601
12	0.6674573385395983
13	0.48808131832602136
14	0.5829710676008233
15	0.38069061114805186
16	0.26438220700037846
17	0.32505424463713845
18	0.39908546078791807
19	0.07858412766413195
20	0.25934397328167347
21	0.14653506214298218
22	0.045723398317585616
23	0.17288081965459973
24	0.13999999999999999
25	0.0
26	0.13999999999999999
27	0.0
28	0.0
29	0.0
30	0.0
k 	 Standard Deviations of Average Losses 
1	0.0
2	0.3745219174716837
3	0.6541053955447282
4	0.6306752719368514
5	0.7881798415207524
6	0.8137625673355148
7	0.816298834669801
8	0.7264511221992497
9	0.7455354624010337
10	0.6782431572182787
11	0.6332945540176601
12	0.6674573385395983
13	0.48808131832602136
14	0.5829710676008233
15	0.38069061114805186
16	0.26438220700037846
17	0.32505424463713845
18	0.39908546078791807
19	0.07858412766413195
20	0.25934397328167347
21	0.14653506214298218
22	0.045723398317585616
23	0.17288081965459973
24	0.13999999999999999
25	0.0
26	0.13999999999999999
27	0.0
28	0.0
29	0.0
30	0.0
Duration 9132317,47700 seconds