3 Voters 3 Alternatives 
Mean of Regret reduced by half in 3 questions 
Mean of Regret reduced by four in 6 questions 
Mean of Regret reduced by eight in 8 questions 
Mean of Average Loss reduced by half in 2 questions 
Mean of Average Loss reduced by four in 5 questions 
Mean of Average Loss reduced by eight in 8 questions 
k 	 Mean of Regrets 
0 	3.0
1	3.0
2	2.07
3	1.38
4	1.1399999999999997
5	0.8233333333333333
6	0.6533333333333335
7	0.4066666666666667
8	0.16999999999999996
9	0.06333333333333335
10	4.9E-324
11	4.9E-324
12	4.9E-324
13	4.9E-324
14	4.9E-324
15	4.9E-324
16	4.9E-324
17	4.9E-324
18	4.9E-324
19	4.9E-324
20	4.9E-324
21	4.9E-324
22	4.9E-324
23	4.9E-324
24	4.9E-324
25	4.9E-324
26	4.9E-324
27	4.9E-324
28	4.9E-324
29	4.9E-324
30	4.9E-324
k 	 Mean of Average Losses 
0 	0.8604035045466483
1	0.8604035045466483
2	0.42407187468426655
3	0.2320490042618558
4	0.2736233596609341
5	0.20639170842435717
6	0.18902063625384657
7	0.1555688223753628
8	0.060149677504815625
9	0.023621291771880642
10	0.0
11	0.0
12	0.0
13	0.0
14	0.0
15	0.0
16	0.0
17	0.0
18	0.0
19	0.0
20	0.0
21	0.0
22	0.0
23	0.0
24	0.0
25	0.0
26	0.0
27	0.0
28	0.0
29	0.0
30	0.0
k 	 Standard Deviations of Regrets 
1	0.0
2	0.7280796659706957
3	0.21354156504062627
4	0.4127953488110059
5	0.4312900545005774
6	0.4568491119736483
7	0.47276961737310397
8	0.31000000000000005
9	0.15947831618540914
10	0.0
11	0.0
12	0.0
13	0.0
14	0.0
15	0.0
16	0.0
17	0.0
18	0.0
19	0.0
20	0.0
21	0.0
22	0.0
23	0.0
24	0.0
25	0.0
26	0.0
27	0.0
28	0.0
29	0.0
30	0.0
k 	 Standard Deviations of Average Losses 
1	0.0
2	0.7280796659706957
3	0.21354156504062627
4	0.4127953488110059
5	0.4312900545005774
6	0.4568491119736483
7	0.47276961737310397
8	0.31000000000000005
9	0.15947831618540914
10	0.0
11	0.0
12	0.0
13	0.0
14	0.0
15	0.0
16	0.0
17	0.0
18	0.0
19	0.0
20	0.0
21	0.0
22	0.0
23	0.0
24	0.0
25	0.0
26	0.0
27	0.0
28	0.0
29	0.0
30	0.0
Duration 526386836,04500 seconds