4 Voters 3 Alternatives 
Mean of Regret reduced by half in 6 questions 
Mean of Regret reduced by four in 9 questions 
Mean of Regret reduced by eight in 10 questions 
Mean of Average Loss reduced by half in 3 questions 
Mean of Average Loss reduced by four in 6 questions 
Mean of Average Loss reduced by eight in 9 questions 
k 	 Mean of Regrets 
0 	4.0
1	4.0
2	3.8685714285714283
3	2.8057142857142856
4	2.5543697478991594
5	2.175245323936026
6	1.7501545134182708
7	1.517416644076985
8	1.0942423967766126
9	0.5431693858516614
10	0.44544863106532934
11	0.17797607178464606
12	0.0960048426150121
13	0.037567886658795756
14	0.005289256198347107
15	4.9E-324
16	4.9E-324
17	4.9E-324
18	4.9E-324
19	4.9E-324
20	2.0618556701030856E-4
21	4.9E-324
22	4.9E-324
23	4.9E-324
24	4.9E-324
25	4.9E-324
26	4.9E-324
27	4.9E-324
28	4.9E-324
29	4.9E-324
30	4.9E-324
k 	 Mean of Average Losses 
0 	0.9127783699083927
1	0.9127783699083927
2	0.7176393439154501
3	0.38593089063566566
4	0.3797286635509055
5	0.2589946111056751
6	0.16929383147290747
7	0.3049568699959727
8	0.221311558132054
9	0.08749541395899307
10	0.12671150034938916
11	0.05014509488046903
12	0.031731092529115504
13	0.012455535473858862
14	0.005231550362261678
15	0.0
16	0.0
17	0.0
18	0.0
19	0.0
20	0.0
21	0.0
22	0.0
23	0.0
24	0.0
25	0.0
26	0.0
27	0.0
28	0.0
29	0.0
30	4.4408920985006255E-18
k 	 Standard Deviations of Regrets 
1	0.0
2	0.14239926622145266
3	0.6139600465628935
4	0.49201763916427016
5	0.47203549826640434
6	0.5726001367289006
7	0.7313329035307082
8	0.708820294992827
9	0.6124824530120477
10	0.45326438324001095
11	0.3351773306659579
12	0.2527673695175558
13	0.1726763339812131
14	0.03702479338842976
15	0.0
16	0.0
17	0.0
18	0.0
19	0.0
20	0.00144329896907216
21	0.0
22	0.0
23	0.0
24	0.0
25	0.0
26	0.0
27	0.0
28	0.0
29	0.0
30	0.0
k 	 Standard Deviations of Average Losses 
1	0.0
2	0.14239926622145266
3	0.6139600465628935
4	0.49201763916427016
5	0.47203549826640434
6	0.5726001367289006
7	0.7313329035307082
8	0.708820294992827
9	0.6124824530120477
10	0.45326438324001095
11	0.3351773306659579
12	0.2527673695175558
13	0.1726763339812131
14	0.03702479338842976
15	0.0
16	0.0
17	0.0
18	0.0
19	0.0
20	0.00144329896907216
21	0.0
22	0.0
23	0.0
24	0.0
25	0.0
26	0.0
27	0.0
28	0.0
29	0.0
30	0.0
Duration 990168927,69800 seconds