4 Voters 4 Alternatives 
Mean of Regret reduced by half in 11 questions 
Mean of Regret reduced by four in 16 questions 
Mean of Regret reduced by eight in 19 questions 
Mean of Average Loss reduced by half in 7 questions 
Mean of Average Loss reduced by four in 11 questions 
Mean of Average Loss reduced by eight in 16 questions 
k 	 Mean of Regrets 
0 	4.0
1	4.0
2	4.0
3	3.9425641025641025
4	3.8099633699633704
5	3.3994322344322336
6	2.994835164835165
7	2.8339560439560434
8	2.599438339438339
9	2.2647619047619045
10	2.0758852258852265
11	1.8446275946275947
12	1.4750051203277008
13	1.2714700854700856
14	1.1754497724497723
15	1.0746682062247528
16	0.7947665254135842
17	0.7289874761973232
18	0.5223052202699262
19	0.4163483125534689
20	0.30331881944530104
21	0.1946964102708921
22	0.08880870176754653
23	0.032696930188455625
24	0.014854484474737632
25	0.012868482863853812
26	0.028814589407012425
27	0.006586261870104645
28	4.9E-324
29	0.0022695035460992934
30	4.440892098500627E-18
k 	 Mean of Average Losses 
0 	1.0057971220881887
1	1.0057971220881887
2	0.9773979581946725
3	0.769458177478289
4	0.7764449490140671
5	0.6480065853563151
6	0.5304277921134911
7	0.3299628110502935
8	0.27678525907090784
9	0.31591942934514206
10	0.26716930482644907
11	0.24938987138477933
12	0.2654668874775245
13	0.1880828367727613
14	0.24195879048880403
15	0.14020322360195406
16	0.07572135227902953
17	0.1326302258847267
18	0.09542304420698196
19	0.08134867391441664
20	0.04594908550835305
21	0.06166206401965738
22	0.015143109679857518
23	0.009660223487518714
24	2.6598532076418816E-4
25	0.0044398149569580825
26	0.005061026508903892
27	2.6551642850167304E-4
28	0.0
29	0.0
30	0.0
k 	 Standard Deviations of Regrets 
1	0.0
2	0.0
3	0.050911481624577905
4	0.14374223793001026
5	0.47250637748579566
6	0.5459763921717695
7	0.4423092636803853
8	0.3439385680675566
9	0.34293581492365904
10	0.48991593718001614
11	0.5500319505691176
12	0.5851543794854503
13	0.6705790065006386
14	0.5361099970087692
15	0.7002973429994129
16	0.5215251004698737
17	0.5427726835666367
18	0.49205049096461617
19	0.49343837052278866
20	0.40065162883341426
21	0.29140994207727317
22	0.20333668124043416
23	0.10851946174639256
24	0.05744152141740022
25	0.0677604171825066
26	0.09621628778272784
27	0.03313398162863608
28	0.0
29	0.015886524822695057
30	3.108624468950438E-17
k 	 Standard Deviations of Average Losses 
1	0.0
2	0.0
3	0.050911481624577905
4	0.14374223793001026
5	0.47250637748579566
6	0.5459763921717695
7	0.4423092636803853
8	0.3439385680675566
9	0.34293581492365904
10	0.48991593718001614
11	0.5500319505691176
12	0.5851543794854503
13	0.6705790065006386
14	0.5361099970087692
15	0.7002973429994129
16	0.5215251004698737
17	0.5427726835666367
18	0.49205049096461617
19	0.49343837052278866
20	0.40065162883341426
21	0.29140994207727317
22	0.20333668124043416
23	0.10851946174639256
24	0.05744152141740022
25	0.0677604171825066
26	0.09621628778272784
27	0.03313398162863608
28	0.0
29	0.015886524822695057
30	3.108624468950438E-17
Duration 1915.35300 seconds