4 Voters 4 Alternatives 
Mean of Regret reduced by half in 11 questions 
Mean of Regret reduced by four in 15 questions 
Mean of Regret reduced by eight in 18 questions 
Mean of Average Loss reduced by half in 7 questions 
Mean of Average Loss reduced by four in 12 questions 
Mean of Average Loss reduced by eight in 12 questions 
k 	 Mean of Regrets 
0 	4.0
1	4.0
2	4.0
3	3.946666666666667
4	3.7887179487179488
5	3.4606898656898664
6	2.942197802197802
7	2.9173992673992672
8	2.7202503052503046
9	2.310238095238095
10	2.1332478632478638
11	1.896568986568987
12	1.5707081807081806
13	1.2976190476190474
14	1.1613419197290162
15	0.917064688351216
16	0.747398963905293
17	0.6468234410283746
18	0.4387448212294812
19	0.31507565721426817
20	0.21921737080452677
21	0.12212052205333777
22	0.13692213453503776
23	0.04738332141783607
24	0.019999999999999997
25	0.02541989415454376
26	0.003546859324458047
27	0.028771951500697356
28	0.0021463414634146447
29	4.440892098500626E-18
30	0.0012220593292429011
k 	 Mean of Average Losses 
0 	1.0106320266106028
1	1.0106320266106028
2	0.9600359783535277
3	0.786078203656042
4	0.5953372064899048
5	0.7035497582216804
6	0.5273603250669259
7	0.3853915316568645
8	0.4478467827329578
9	0.41525853967325255
10	0.3625908901962582
11	0.31996687214615804
12	0.12244220226440264
13	0.2238693451131386
14	0.1739406706247255
15	0.23033093201898022
16	0.14257293572509813
17	0.14224632701789647
18	0.026802269890314662
19	0.1067156276047808
20	0.07035985376103124
21	0.026684461741528713
22	0.045376125157250057
23	0.016546294389926032
24	0.013437495048171346
25	0.009253066671133483
26	0.0
27	0.0027893844969529053
28	4.416119398990936E-4
29	0.0
30	4.4408920985006255E-18
k 	 Standard Deviations of Regrets 
1	0.0
2	0.0
3	0.05124100921762792
4	0.14538283878468225
5	0.5103635700195659
6	0.5376348375443395
7	0.47251663877810374
8	0.45311275609780693
9	0.35141534944666575
10	0.4673984709408958
11	0.5059394161105917
12	0.5784227098813903
13	0.6599748820762854
14	0.6293073471986673
15	0.5240075498586049
16	0.48682609938526655
17	0.44407001544974706
18	0.4053783471804235
19	0.3886523803120693
20	0.3440965625467355
21	0.21813095420687906
22	0.2854502461046514
23	0.15505574373597877
24	0.13999999999999999
25	0.08623639419956833
26	0.015689632094567474
27	0.11059526085782173
28	0.010831953572197003
29	3.108624468950438E-17
30	0.006667877642834535
k 	 Standard Deviations of Average Losses 
1	0.0
2	0.0
3	0.05124100921762792
4	0.14538283878468225
5	0.5103635700195659
6	0.5376348375443395
7	0.47251663877810374
8	0.45311275609780693
9	0.35141534944666575
10	0.4673984709408958
11	0.5059394161105917
12	0.5784227098813903
13	0.6599748820762854
14	0.6293073471986673
15	0.5240075498586049
16	0.48682609938526655
17	0.44407001544974706
18	0.4053783471804235
19	0.3886523803120693
20	0.3440965625467355
21	0.21813095420687906
22	0.2854502461046514
23	0.15505574373597877
24	0.13999999999999999
25	0.08623639419956833
26	0.015689632094567474
27	0.11059526085782173
28	0.010831953572197003
29	3.108624468950438E-17
30	0.006667877642834535
Duration 1938.73300 seconds