4 Voters 4 Alternatives 
Mean of Regret reduced by half in 11 questions 
Mean of Regret reduced by four in 15 questions 
Mean of Regret reduced by eight in 19 questions 
Mean of Average Loss reduced by half in 5 questions 
Mean of Average Loss reduced by four in 11 questions 
Mean of Average Loss reduced by eight in 15 questions 
k 	 Mean of Regrets 
0 	4.0
1	4.0
2	4.0
3	3.9446153846153855
4	3.787985347985349
5	3.307350427350428
6	3.015372405372406
7	2.8604029304029304
8	2.5931440781440784
9	2.423559218559219
10	2.0582112332112334
11	1.8263003663003663
12	1.5569157903028867
13	1.3410549450549452
14	1.4218232838213862
15	0.8725769002239591
16	0.7199897698402187
17	0.775390831730403
18	0.5626472453054994
19	0.3375696583933014
20	0.20416892040532114
21	0.11963878658247164
22	0.12624201529464688
23	0.1400268971400642
24	0.0521435553693618
25	0.018633896119366267
26	0.01930174516710094
27	0.007777777777777781
28	0.0010414291144051682
29	0.0031578947368421087
30	4.9E-324
k 	 Mean of Average Losses 
0 	1.0095668030797338
1	1.0095668030797338
2	0.9483899584722123
3	0.9420466183644571
4	0.7680287461515309
5	0.38239382374168096
6	0.47393316909351163
7	0.372412773671934
8	0.3797252863411415
9	0.501886566420125
10	0.38279006951509803
11	0.23551023095513776
12	0.3056409885107246
13	0.16360535008439425
14	0.15954865942970348
15	0.09580800090151295
16	0.10553334239191299
17	0.1274938084652928
18	0.10344958379907124
19	0.052566322711625556
20	0.033247542701193435
21	0.012066372324499823
22	0.023203683456667925
23	0.00863909025916119
24	0.030200445826644766
25	0.0020365916131205794
26	0.0
27	4.4408920985006255E-18
28	0.0
29	0.0
30	0.0
k 	 Standard Deviations of Regrets 
1	0.0
2	0.0
3	0.051117685310265185
4	0.14912274615232587
5	0.5701318625830274
6	0.5873792679227509
7	0.4305955779076818
8	0.5212170727746365
9	0.25046688466280254
10	0.41634023292836936
11	0.4940213489435839
12	0.587615995897744
13	0.5943840569592874
14	0.605509394112186
15	0.5856610543403582
16	0.49510517083388816
17	0.5081047886694092
18	0.568712751743024
19	0.3621464460654962
20	0.34799814118221956
21	0.31593355080245306
22	0.2851392554376237
23	0.27064467384719304
24	0.17546997744539547
25	0.05055686277766174
26	0.07151682449381346
27	0.04158881616047312
28	0.007290003800836176
29	0.02210526315789473
30	0.0
k 	 Standard Deviations of Average Losses 
1	0.0
2	0.0
3	0.051117685310265185
4	0.14912274615232587
5	0.5701318625830274
6	0.5873792679227509
7	0.4305955779076818
8	0.5212170727746365
9	0.25046688466280254
10	0.41634023292836936
11	0.4940213489435839
12	0.587615995897744
13	0.5943840569592874
14	0.605509394112186
15	0.5856610543403582
16	0.49510517083388816
17	0.5081047886694092
18	0.568712751743024
19	0.3621464460654962
20	0.34799814118221956
21	0.31593355080245306
22	0.2851392554376237
23	0.27064467384719304
24	0.17546997744539547
25	0.05055686277766174
26	0.07151682449381346
27	0.04158881616047312
28	0.007290003800836176
29	0.02210526315789473
30	0.0
Duration 1912.09800 seconds