4 Voters 4 Alternatives 
Mean of Regret reduced by half in 18 questions 
Mean of Regret reduced by four in 26 questions 
Mean of Regret reduced by eight in -1 questions 
Mean of Average Loss reduced by half in 9 questions 
Mean of Average Loss reduced by four in 19 questions 
Mean of Average Loss reduced by eight in 25 questions 
k 	 Mean of Regrets 
0 	4.0
1	4.0
2	4.0
3	3.927179487179488
4	3.8430855986119137
5	3.737689492171665
6	3.6872632169091633
7	3.4447290987745496
8	3.347187304052276
9	3.048339414217185
10	3.00802180791009
11	2.862752627807718
12	2.5679769172512006
13	2.5086192233642057
14	2.4260958611739607
15	2.2842538004769772
16	2.238448361997506
17	2.053874757778681
18	1.9551735463580562
19	1.7805952716538265
20	1.6701846658689947
21	1.6817114559622097
22	1.3864421783125143
23	1.189754010749921
24	1.3213175314853332
25	1.1615670124951032
26	0.9926587638977821
27	0.7627878223236773
28	0.6642403474710304
29	0.6932842386621535
30	0.5414253606870474
k 	 Mean of Average Losses 
0 	1.0894244949721632
1	1.0894244949721632
2	0.984560196532424
3	0.8865970567995209
4	0.8736948923336048
5	0.8028013222774547
6	0.7002280229821752
7	0.594103262393237
8	0.7821201013700334
9	0.4345839766551653
10	0.5224810210262335
11	0.46994292261329945
12	0.32771581815859996
13	0.3181918632448013
14	0.4048992057937717
15	0.43947216471190725
16	0.3847370929107676
17	0.36763862770900624
18	0.3124846764417582
19	0.25473680712039354
20	0.32103336296206736
21	0.1795939845149247
22	0.22400147579250218
23	0.16864829127879724
24	0.19992365472751147
25	0.12901157335038282
26	0.11273663600841266
27	0.2461505042116543
28	0.17365535482395056
29	0.1345341178599985
30	0.12008902893208108
k 	 Standard Deviations of Regrets 
1	0.0
2	0.0
3	0.24674661532876163
4	0.3295107063616395
5	0.39599419603960295
6	0.4493220948207822
7	0.48911219631521274
8	0.5261120817494039
9	0.5823126599929643
10	0.5651314803953169
11	0.6642461102590494
12	0.6694476033350225
13	0.7709094170528771
14	0.606241012660535
15	0.6489956047716141
16	0.6936672475657052
17	0.9012506285952409
18	0.7765782655399778
19	0.7246603877585259
20	0.695856085647586
21	0.8958531720373555
22	0.7640743445192671
23	0.7646993018402218
24	0.7462943664606854
25	0.9490331685472273
26	0.692813990116203
27	0.6427222616354751
28	0.670558481463038
29	0.707929592834207
30	0.5511331286385652
k 	 Standard Deviations of Average Losses 
1	0.0
2	0.0
3	0.24674661532876163
4	0.3295107063616395
5	0.39599419603960295
6	0.4493220948207822
7	0.48911219631521274
8	0.5261120817494039
9	0.5823126599929643
10	0.5651314803953169
11	0.6642461102590494
12	0.6694476033350225
13	0.7709094170528771
14	0.606241012660535
15	0.6489956047716141
16	0.6936672475657052
17	0.9012506285952409
18	0.7765782655399778
19	0.7246603877585259
20	0.695856085647586
21	0.8958531720373555
22	0.7640743445192671
23	0.7646993018402218
24	0.7462943664606854
25	0.9490331685472273
26	0.692813990116203
27	0.6427222616354751
28	0.670558481463038
29	0.707929592834207
30	0.5511331286385652
Duration 7.18900 seconds