8 Voters 4 Alternatives 
Mean of Regret reduced by half in 19 questions 
Mean of Regret reduced by four in 28 questions 
Mean of Regret reduced by eight in -1 questions 
Mean of Average Loss reduced by half in 5 questions 
Mean of Average Loss reduced by four in 19 questions 
Mean of Average Loss reduced by eight in 29 questions 
k 	 Mean of Regrets 
0 	8.0
1	8.0
2	8.0
3	7.75
4	7.51
5	7.12
6	7.129999999999999
7	6.973333333333334
8	6.666666666666667
9	6.156666666666665
10	6.056666666666667
11	5.976666666666666
12	5.666666666666665
13	5.649999999999999
14	4.9399999999999995
15	4.936666666666667
16	4.3966666666666665
17	4.123333333333335
18	4.0600000000000005
19	3.8266666666666667
20	3.606666666666667
21	3.216666666666667
22	3.039999999999999
23	3.1533333333333338
24	2.753333333333333
25	2.6333333333333333
26	2.5100000000000002
27	2.2299999999999986
28	1.893333333333333
29	1.543333333333334
30	1.706666666666667
k 	 Mean of Average Losses 
0 	1.5608985616683841
1	1.5608985616683841
2	1.3555937306140808
3	1.099759175346774
4	1.0162433913551903
5	0.5629380565838693
6	0.8926545209519422
7	0.8095983622472692
8	0.776152203597773
9	0.582407810721153
10	0.7867839540115298
11	0.8006248866867831
12	0.547516455227717
13	0.5988716243314123
14	0.4439146405380219
15	0.4091879318555507
16	0.5051943602517932
17	0.49731960998228425
18	0.44107911918381376
19	0.38485010966245226
20	0.2918732541359432
21	0.28286142558105326
22	0.2369713888454596
23	0.3047943821432652
24	0.26542232472856203
25	0.35715566318737607
26	0.4015826266150538
27	0.2422710203785213
28	0.2730030915367177
29	0.05117219330264137
30	0.21481985616390836
k 	 Standard Deviations of Regrets 
1	0.0
2	0.0
3	0.24999999999999992
4	0.44147480109288234
5	0.21354156504062635
6	0.2968164415931169
7	0.42604120823121233
8	0.45582647770591156
9	0.5777446571703532
10	0.607005399939371
11	0.5416128178361777
12	0.6920179830675566
13	0.835497190632952
14	0.6546924638501823
15	0.8054605307938228
16	0.9932494371729815
17	1.0048825249196491
18	0.6747509828735997
19	0.7767167365834786
20	0.887418227844747
21	0.9178779875342911
22	0.8541142260325086
23	0.7837516613485848
24	0.9488238333150506
25	1.041899973872519
26	0.9500935626441103
27	0.9248963905937428
28	0.8703511424196047
29	0.841830017151787
30	0.807300026838432
k 	 Standard Deviations of Average Losses 
1	0.0
2	0.0
3	0.24999999999999992
4	0.44147480109288234
5	0.21354156504062635
6	0.2968164415931169
7	0.42604120823121233
8	0.45582647770591156
9	0.5777446571703532
10	0.607005399939371
11	0.5416128178361777
12	0.6920179830675566
13	0.835497190632952
14	0.6546924638501823
15	0.8054605307938228
16	0.9932494371729815
17	1.0048825249196491
18	0.6747509828735997
19	0.7767167365834786
20	0.887418227844747
21	0.9178779875342911
22	0.8541142260325086
23	0.7837516613485848
24	0.9488238333150506
25	1.041899973872519
26	0.9500935626441103
27	0.9248963905937428
28	0.8703511424196047
29	0.841830017151787
30	0.807300026838432
Duration 4683.68700 seconds