8 Voters 4 Alternatives 
Mean of Regret reduced by half in -1 questions 
Mean of Regret reduced by four in -1 questions 
Mean of Regret reduced by eight in -1 questions 
Mean of Average Loss reduced by half in 15 questions 
Mean of Average Loss reduced by four in 29 questions 
Mean of Average Loss reduced by eight in -1 questions 
k 	 Mean of Regrets 
0 	8.0
1	8.0
2	8.0
3	7.944789644012944
4	7.901008735600969
5	7.829920294734723
6	7.693850788346544
7	7.57113889430102
8	7.468833119280752
9	7.30602710696872
10	7.268734376211659
11	7.106283288214479
12	6.789898512386783
13	6.852451860390353
14	6.624478573772841
15	6.420923953053727
16	6.455102129155308
17	6.231006227020496
18	5.913575494986304
19	5.903190595893057
20	5.616750922574893
21	5.533181626064435
22	5.627038828614074
23	5.633792328053898
24	5.319363135607378
25	5.36189981396583
26	5.203776985142669
27	4.753431872450719
28	4.908173982263738
29	4.705056642626494
30	4.443428828790244
k 	 Mean of Average Losses 
0 	1.4309015816030297
1	1.4309015816030297
2	1.1771730596710575
3	1.1434310034961477
4	1.08599222017385
5	1.3020519687718908
6	0.9818242853089411
7	1.0914408190729694
8	0.8646394356076171
9	0.9890783388614309
10	0.9352351376025335
11	0.8334453107515449
12	0.9147040859659498
13	0.8620836993940922
14	0.9358654981868146
15	0.6868134589661604
16	0.5453053907572195
17	0.8064217309630776
18	0.599030990416563
19	0.6015914746763998
20	0.48205202341902587
21	0.5845152785443744
22	0.6187756026588557
23	0.6341487878620649
24	0.6305862364739815
25	0.5888127418015606
26	0.42770113421182
27	0.42073511713053485
28	0.45775433643605745
29	0.329042601939887
30	0.3397298820023191
k 	 Standard Deviations of Regrets 
1	0.0
2	0.0
3	0.1717726188134184
4	0.2877743266924015
5	0.2805072748547211
6	0.30516462241056097
7	0.4404081932243521
8	0.48126966127960386
9	0.584378837346042
10	0.5285153832837967
11	0.5479705660082316
12	0.4620024863779189
13	0.7124501281183637
14	0.5777509195198427
15	0.5936448464981412
16	0.7243135661492471
17	0.6509725559884276
18	0.7660766186816231
19	0.6772247577512074
20	0.6198576364424314
21	0.8945149459668631
22	0.7930489925447439
23	0.796329936505118
24	0.8642695537992071
25	0.7220175969403839
26	0.8464259573958699
27	0.8346233125335618
28	0.8228810252249923
29	0.9797936166081317
30	0.9536373171306324
k 	 Standard Deviations of Average Losses 
1	0.0
2	0.0
3	0.1717726188134184
4	0.2877743266924015
5	0.2805072748547211
6	0.30516462241056097
7	0.4404081932243521
8	0.48126966127960386
9	0.584378837346042
10	0.5285153832837967
11	0.5479705660082316
12	0.4620024863779189
13	0.7124501281183637
14	0.5777509195198427
15	0.5936448464981412
16	0.7243135661492471
17	0.6509725559884276
18	0.7660766186816231
19	0.6772247577512074
20	0.6198576364424314
21	0.8945149459668631
22	0.7930489925447439
23	0.796329936505118
24	0.8642695537992071
25	0.7220175969403839
26	0.8464259573958699
27	0.8346233125335618
28	0.8228810252249923
29	0.9797936166081317
30	0.9536373171306324
Duration 8.36800 seconds