8 Voters 4 Alternatives 
Mean of Regret reduced by half in 19 questions 
Mean of Regret reduced by four in 28 questions 
Mean of Regret reduced by eight in -1 questions 
Mean of Average Loss reduced by half in 7 questions 
Mean of Average Loss reduced by four in 19 questions 
Mean of Average Loss reduced by eight in 29 questions 
k 	 Mean of Regrets 
0 	8.0
1	8.0
2	8.0
3	7.7700000000000005
4	7.3500000000000005
5	7.119999999999999
6	7.1899999999999995
7	7.050000000000001
8	6.656666666666667
9	6.226666666666668
10	5.989999999999999
11	5.849999999999999
12	5.713333333333334
13	5.326666666666666
14	5.053333333333331
15	4.786666666666665
16	4.470000000000001
17	4.303333333333331
18	4.34
19	3.826666666666666
20	3.6999999999999993
21	3.4133333333333327
22	3.43
23	2.7533333333333334
24	2.646666666666665
25	2.706666666666667
26	2.38
27	2.143333333333333
28	1.903333333333333
29	1.5400000000000003
30	1.6000000000000003
k 	 Mean of Average Losses 
0 	1.4237803472066544
1	1.4237803472066544
2	1.2157334006989384
3	1.229909786716986
4	1.077618157072802
5	1.0757163899585378
6	1.0826256670497196
7	0.5844794941726115
8	0.768190737574669
9	0.5750228082083564
10	0.6804907864757858
11	0.5475019978793605
12	0.5971641638162937
13	0.8413449421538695
14	0.4203562939738509
15	0.5343936328567056
16	0.6639583685783924
17	0.4562854017038099
18	0.5442426867001625
19	0.2687706166256182
20	0.3635754463784902
21	0.45498609079940844
22	0.3283228270988845
23	0.3081898418910838
24	0.1992105781551809
25	0.23173168725683468
26	0.30811437269675535
27	0.2633441295891447
28	0.1971492811527778
29	0.14182274196576453
30	0.1092783458596957
k 	 Standard Deviations of Regrets 
1	0.0
2	0.0
3	0.24919871588754225
4	0.4272001872658767
5	0.256124969497314
6	0.45705579528105755
7	0.37749172176353746
8	0.45019748752939287
9	0.7518569603913292
10	0.6458499997849518
11	0.6849574196011506
12	0.6289674077406556
13	0.7809965144323984
14	0.7214491589078809
15	0.7371416266754834
16	0.8039416783711507
17	0.8690288321517939
18	0.9073526816452845
19	0.8006663891201296
20	0.940449065311059
21	0.9394087975364556
22	0.9153566396644414
23	0.8700191568772111
24	0.9664597479690733
25	1.023371334799294
26	0.7937533901939849
27	1.0165355106657339
28	0.8609361829491843
29	0.8052328855678957
30	0.7767453465154031
k 	 Standard Deviations of Average Losses 
1	0.0
2	0.0
3	0.24919871588754225
4	0.4272001872658767
5	0.256124969497314
6	0.45705579528105755
7	0.37749172176353746
8	0.45019748752939287
9	0.7518569603913292
10	0.6458499997849518
11	0.6849574196011506
12	0.6289674077406556
13	0.7809965144323984
14	0.7214491589078809
15	0.7371416266754834
16	0.8039416783711507
17	0.8690288321517939
18	0.9073526816452845
19	0.8006663891201296
20	0.940449065311059
21	0.9394087975364556
22	0.9153566396644414
23	0.8700191568772111
24	0.9664597479690733
25	1.023371334799294
26	0.7937533901939849
27	1.0165355106657339
28	0.8609361829491843
29	0.8052328855678957
30	0.7767453465154031
Duration 4501.53700 seconds