8 Voters 4 Alternatives 
Mean of Regret reduced by half in 19 questions 
Mean of Regret reduced by four in 28 questions 
Mean of Regret reduced by eight in -1 questions 
Mean of Average Loss reduced by half in 12 questions 
Mean of Average Loss reduced by four in 16 questions 
Mean of Average Loss reduced by eight in 30 questions 
k 	 Mean of Regrets 
0 	8.0
1	8.0
2	8.0
3	7.770000000000001
4	7.409999999999998
5	7.169999999999999
6	7.18
7	6.976666666666667
8	6.610000000000001
9	6.41
10	6.126666666666667
11	5.93
12	5.673333333333334
13	5.406666666666668
14	4.846666666666668
15	4.696666666666667
16	4.52
17	4.546666666666667
18	4.15
19	3.9433333333333325
20	3.4499999999999997
21	3.4133333333333327
22	3.4699999999999998
23	2.853333333333334
24	2.9699999999999998
25	2.8266666666666667
26	2.5966666666666662
27	2.0799999999999987
28	1.7533333333333332
29	1.6066666666666667
30	1.48
k 	 Mean of Average Losses 
0 	1.270554762110692
1	1.270554762110692
2	1.4068104699423085
3	1.414812972925325
4	0.9664685408628005
5	0.803134897771397
6	0.9407048359307316
7	0.7060270323360945
8	0.8611073860789228
9	0.7343595935501406
10	0.7576062933978712
11	0.7117542484720093
12	0.5115554187744943
13	0.5563081486931226
14	0.4351753389619225
15	0.42732382792916573
16	0.24321693260004001
17	0.34016582216219393
18	0.35958292416545345
19	0.3733400203854511
20	0.2854565617422262
21	0.4373339833658888
22	0.27535205589401834
23	0.2960179404307727
24	0.24643117486440635
25	0.22562686886878636
26	0.2846685766542339
27	0.18285777317755944
28	0.16758137334305606
29	0.2050410447660977
30	0.10382000603040438
k 	 Standard Deviations of Regrets 
1	0.0
2	0.0
3	0.24919871588754233
4	0.4657252408878006
5	0.29342801502242416
6	0.342928563989645
7	0.4281873940746556
8	0.4492091816613823
9	0.5813872299174718
10	0.6320689132611341
11	0.6174229596565964
12	0.7887824654350386
13	0.6634589495799854
14	0.8431686268673269
15	0.8053225716720255
16	0.7620440348897898
17	0.8144800659179927
18	0.805708797684788
19	1.0223121941081512
20	0.9075302260041321
21	0.9093587484229386
22	0.7037123781141776
23	0.8548164195376169
24	0.8638994283029839
25	0.8212186067059124
26	0.8869986847040229
27	0.9581463585718231
28	0.9105797908780732
29	0.8384907075613104
30	0.9704752558526272
k 	 Standard Deviations of Average Losses 
1	0.0
2	0.0
3	0.24919871588754233
4	0.4657252408878006
5	0.29342801502242416
6	0.342928563989645
7	0.4281873940746556
8	0.4492091816613823
9	0.5813872299174718
10	0.6320689132611341
11	0.6174229596565964
12	0.7887824654350386
13	0.6634589495799854
14	0.8431686268673269
15	0.8053225716720255
16	0.7620440348897898
17	0.8144800659179927
18	0.805708797684788
19	1.0223121941081512
20	0.9075302260041321
21	0.9093587484229386
22	0.7037123781141776
23	0.8548164195376169
24	0.8638994283029839
25	0.8212186067059124
26	0.8869986847040229
27	0.9581463585718231
28	0.9105797908780732
29	0.8384907075613104
30	0.9704752558526272
Duration 4697.31500 seconds