3 Voters 3 Alternatives 
Mean of Regret reduced by half in 3 questions 
Mean of Regret reduced by four in 5 questions 
Mean of Regret reduced by eight in 6 questions 
Mean of Average Loss reduced by half in 2 questions 
Mean of Average Loss reduced by four in 5 questions 
Mean of Average Loss reduced by eight in 6 questions 
k 	 Mean of Regrets 
0 	3.0
1	3.0
2	1.95
3	1.4499999999999997
4	1.3999999999999997
5	0.6666666666666667
6	0.3666666666666667
7	0.46666666666666673
8	0.18333333333333335
9	4.9E-324
10	4.9E-324
11	4.9E-324
12	4.9E-324
13	4.9E-324
14	4.9E-324
15	4.9E-324
16	4.9E-324
17	4.9E-324
18	4.9E-324
19	4.9E-324
20	4.9E-324
21	4.9E-324
22	4.9E-324
23	4.9E-324
24	4.9E-324
25	4.9E-324
26	4.9E-324
27	4.9E-324
28	4.9E-324
29	4.9E-324
30	4.9E-324
31	4.9E-324
32	4.9E-324
33	4.9E-324
34	4.9E-324
35	4.9E-324
36	4.9E-324
37	4.9E-324
38	4.9E-324
39	4.9E-324
40	4.9E-324
k 	 Mean of Average Losses 
0 	0.8003703279297935
1	0.8003703279297935
2	0.39101906787346713
3	0.34123847781273253
4	0.3037994609054877
5	0.13207878669357104
6	0.0
7	0.04999999999999999
8	0.06474782141636347
9	0.0
10	0.0
11	0.0
12	0.0
13	0.0
14	0.0
15	0.0
16	0.0
17	0.0
18	0.0
19	0.0
20	0.0
21	0.0
22	0.0
23	0.0
24	0.0
25	0.0
26	0.0
27	0.0
28	0.0
29	0.0
30	0.0
31	0.0
32	0.0
33	0.0
34	0.0
35	0.0
36	0.0
37	0.0
38	0.0
39	0.0
40	0.0
k 	 Standard Deviations of Regrets 
1	0.0
2	0.687386354243376
3	0.15000000000000005
4	0.19999999999999998
5	0.4472135954999579
6	0.45825756949558405
7	0.33993463423951903
8	0.32015621187164245
9	0.0
10	0.0
11	0.0
12	0.0
13	0.0
14	0.0
15	0.0
16	0.0
17	0.0
18	0.0
19	0.0
20	0.0
21	0.0
22	0.0
23	0.0
24	0.0
25	0.0
26	0.0
27	0.0
28	0.0
29	0.0
30	0.0
31	0.0
32	0.0
33	0.0
34	0.0
35	0.0
36	0.0
37	0.0
38	0.0
39	0.0
40	0.0
k 	 Standard Deviations of Average Losses 
1	0.0
2	0.687386354243376
3	0.15000000000000005
4	0.19999999999999998
5	0.4472135954999579
6	0.45825756949558405
7	0.33993463423951903
8	0.32015621187164245
9	0.0
10	0.0
11	0.0
12	0.0
13	0.0
14	0.0
15	0.0
16	0.0
17	0.0
18	0.0
19	0.0
20	0.0
21	0.0
22	0.0
23	0.0
24	0.0
25	0.0
26	0.0
27	0.0
28	0.0
29	0.0
30	0.0
31	0.0
32	0.0
33	0.0
34	0.0
35	0.0
36	0.0
37	0.0
38	0.0
39	0.0
40	0.0
Duration 86987612.44300 seconds