Random Strategy
3 Voters 3 Alternatives 
30 Questions for 10 runs 
Mean of Regret reduced by half in 7 questions 
Mean of Regret reduced by four in 12 questions 
Mean of Regret reduced by eight in 15 questions 
Mean of Average Loss reduced by half in 5 questions 
Mean of Average Loss reduced by four in 9 questions 
Mean of Average Loss reduced by eight in 12 questions 
k 	 Mean of Regrets 
0 	3.0
1	3.0
2	2.766666666666666
3	1.7833333333333332
4	2.282222222222222
5	1.6055555555555558
6	1.6655408225716826
7	1.4541306899700013
8	1.3267588325652842
9	1.2598907380272533
10	0.9782255940974802
11	0.8253968253968254
12	0.48734055411960375
13	0.44874874874874876
14	0.3978390646157274
15	0.14938892882818114
16	4.9E-324
17	0.125003052130387
18	0.06796997184860808
19	0.07774014752520379
20	0.30771916978794106
21	0.09999999999999999
22	0.09999999999999999
23	0.03618694230939129
24	4.9E-324
25	4.9E-324
26	4.9E-324
27	4.9E-324
28	4.9E-324
29	4.9E-324
30	4.9E-324
k 	 Mean of Average Losses 
0 	0.832372732617259
1	0.832372732617259
2	0.6346853174567894
3	0.5759732449221026
4	0.6235243126896255
5	0.3217256426141204
6	0.23279866442365502
7	0.23347589746268207
8	0.4752815771072527
9	0.20403138050313882
10	0.19956379795350743
11	0.2969965133026203
12	0.0
13	0.13129038893304126
14	0.0
15	0.0
16	0.0
17	0.00229537914802016
18	0.03398395731166533
19	0.019977426347463245
20	0.10385940819113941
21	0.0
22	0.02779454716341745
23	0.0
24	0.0
25	0.0
26	0.0
27	0.0
28	0.0
29	0.0
30	0.0
k 	 Standard Deviations of Regrets 
1	0.0
2	0.3958114029012639
3	0.6011562932290477
4	0.6940167571890892
5	0.5928847659360227
6	0.565292975761042
7	0.8250338314766347
8	0.6780169532492326
9	0.5482675759584363
10	0.8026698917274266
11	0.7246861858951161
12	0.5660366473636285
13	0.7857378446639272
14	0.5320466162962856
15	0.321994117738182
16	0.0
17	0.375009156391161
18	0.20390991554582424
19	0.17693930261485247
20	0.6608944299348688
21	0.3
22	0.3
23	0.10856082692817388
24	0.0
25	0.0
26	0.0
27	0.0
28	0.0
29	0.0
30	0.0
k 	 Standard Deviations of Average Losses 
1	0.0
2	0.3958114029012639
3	0.6011562932290477
4	0.6940167571890892
5	0.5928847659360227
6	0.565292975761042
7	0.8250338314766347
8	0.6780169532492326
9	0.5482675759584363
10	0.8026698917274266
11	0.7246861858951161
12	0.5660366473636285
13	0.7857378446639272
14	0.5320466162962856
15	0.321994117738182
16	0.0
17	0.375009156391161
18	0.20390991554582424
19	0.17693930261485247
20	0.6608944299348688
21	0.3
22	0.3
23	0.10856082692817388
24	0.0
25	0.0
26	0.0
27	0.0
28	0.0
29	0.0
30	0.0
Duration 2.32000 seconds 
Questions to the voters: 1729 Question to the committee: 2921