Two Phases Strategy
3 Voters 3 Alternatives 
30 Questions for 10 runs 
Mean of Regret reduced by half in 3 questions 
Mean of Regret reduced by four in 6 questions 
Mean of Regret reduced by eight in 7 questions 
Mean of Average Loss reduced by half in 3 questions 
Mean of Average Loss reduced by four in 3 questions 
Mean of Average Loss reduced by eight in 3 questions 
k 	 Mean of Regrets 
0 	3.0
1	3.0
2	2.8999999999999995
3	1.3833333333333333
4	1.133333333333333
5	0.8166666666666668
6	0.4
7	4.9E-324
8	0.11666666666666665
9	4.9E-324
10	4.9E-324
11	4.9E-324
12	4.9E-324
13	4.9E-324
14	4.9E-324
15	4.9E-324
16	4.9E-324
17	4.9E-324
18	4.9E-324
19	4.9E-324
20	4.9E-324
21	4.9E-324
22	4.9E-324
23	4.9E-324
24	4.9E-324
25	4.9E-324
26	4.9E-324
27	4.9E-324
28	4.9E-324
29	4.9E-324
30	4.9E-324
k 	 Mean of Average Losses 
0 	0.7683624725162059
1	0.7683624725162059
2	0.9599709270553151
3	0.0
4	0.03086163898218943
5	0.09949962094190093
6	0.2164764496702722
7	0.0
8	0.0324240720203212
9	0.0
10	0.0
11	0.0
12	0.0
13	0.0
14	0.0
15	0.0
16	0.0
17	0.0
18	0.0
19	0.0
20	0.0
21	0.0
22	0.0
23	0.0
24	0.0
25	0.0
26	0.0
27	0.0
28	0.0
29	0.0
30	0.0
k 	 Standard Deviations of Regrets 
1	0.0
2	0.15275252316519472
3	0.07637626158259737
4	0.16329931618554513
5	0.4740487551109297
6	0.4898979485566356
7	0.0
8	0.18333333333333335
9	0.0
10	0.0
11	0.0
12	0.0
13	0.0
14	0.0
15	0.0
16	0.0
17	0.0
18	0.0
19	0.0
20	0.0
21	0.0
22	0.0
23	0.0
24	0.0
25	0.0
26	0.0
27	0.0
28	0.0
29	0.0
30	0.0
k 	 Standard Deviations of Average Losses 
1	0.0
2	0.15275252316519472
3	0.07637626158259737
4	0.16329931618554513
5	0.4740487551109297
6	0.4898979485566356
7	0.0
8	0.18333333333333335
9	0.0
10	0.0
11	0.0
12	0.0
13	0.0
14	0.0
15	0.0
16	0.0
17	0.0
18	0.0
19	0.0
20	0.0
21	0.0
22	0.0
23	0.0
24	0.0
25	0.0
26	0.0
27	0.0
28	0.0
29	0.0
30	0.0
Duration 25.20200 seconds 
Questions to the voters: 2048 Question to the committee: 300