3 Voters 3 Alternatives 
Mean of Regret reduced by half in 3 questions 
Mean of Regret reduced by four in 5 questions 
Mean of Regret reduced by eight in 8 questions 
Mean of Average Loss reduced by half in 3 questions 
Mean of Average Loss reduced by four in 3 questions 
Mean of Average Loss reduced by eight in 5 questions 
k 	 Mean of Regrets 
0 	3.0
1	3.0
2	2.4
3	1.5
4	1.1
5	0.7166666666666668
6	0.5
7	0.39999999999999997
8	4.9E-324
9	4.9E-324
10	4.9E-324
11	4.9E-324
12	4.9E-324
13	4.9E-324
14	4.9E-324
15	4.9E-324
16	4.9E-324
17	4.9E-324
18	4.9E-324
19	4.9E-324
20	4.9E-324
21	4.9E-324
22	4.9E-324
23	4.9E-324
24	4.9E-324
25	4.9E-324
26	4.9E-324
27	4.9E-324
28	4.9E-324
29	4.9E-324
30	4.9E-324
31	4.9E-324
32	4.9E-324
33	4.9E-324
34	4.9E-324
35	4.9E-324
36	4.9E-324
37	4.9E-324
38	4.9E-324
39	4.9E-324
40	4.9E-324
k 	 Mean of Average Losses 
0 	0.6806407593574013
1	0.6806407593574013
2	0.47552973821453026
3	0.14678208072270843
4	0.16816295592884054
5	0.049999999999999996
6	0.253471313891962
7	0.15386916576670825
8	0.0
9	0.0
10	0.0
11	0.0
12	0.0
13	0.0
14	0.0
15	0.0
16	0.0
17	0.0
18	0.0
19	0.0
20	0.0
21	0.0
22	0.0
23	0.0
24	0.0
25	0.0
26	0.0
27	0.0
28	0.0
29	0.0
30	0.0
31	0.0
32	0.0
33	0.0
34	0.0
35	0.0
36	0.0
37	0.0
38	0.0
39	0.0
40	0.0
k 	 Standard Deviations of Regrets 
1	0.0
2	0.7348469228349535
3	0.0
4	0.43588989435406733
5	0.505799696849784
6	0.5
7	0.4163331998932266
8	0.0
9	0.0
10	0.0
11	0.0
12	0.0
13	0.0
14	0.0
15	0.0
16	0.0
17	0.0
18	0.0
19	0.0
20	0.0
21	0.0
22	0.0
23	0.0
24	0.0
25	0.0
26	0.0
27	0.0
28	0.0
29	0.0
30	0.0
31	0.0
32	0.0
33	0.0
34	0.0
35	0.0
36	0.0
37	0.0
38	0.0
39	0.0
40	0.0
k 	 Standard Deviations of Average Losses 
1	0.0
2	0.7348469228349535
3	0.0
4	0.43588989435406733
5	0.505799696849784
6	0.5
7	0.4163331998932266
8	0.0
9	0.0
10	0.0
11	0.0
12	0.0
13	0.0
14	0.0
15	0.0
16	0.0
17	0.0
18	0.0
19	0.0
20	0.0
21	0.0
22	0.0
23	0.0
24	0.0
25	0.0
26	0.0
27	0.0
28	0.0
29	0.0
30	0.0
31	0.0
32	0.0
33	0.0
34	0.0
35	0.0
36	0.0
37	0.0
38	0.0
39	0.0
40	0.0
Duration 83979475.36300 seconds