Minimax Strategy with weighted average aggregation operator
4 Voters 3 Alternatives 
30 Questions for10 runs 
Mean of Regret reduced by half in 5 questions 
Mean of Regret reduced by four in 7 questions 
Mean of Regret reduced by eight in 7 questions 
Mean of Average Loss reduced by half in 3 questions 
Mean of Average Loss reduced by four in 3 questions 
Mean of Average Loss reduced by eight in 5 questions 
k 	 Mean of Regrets 
0 	4.0
1	4.0
2	3.914285714285714
3	2.442857142857143
4	2.3285714285714287
5	1.5714285714285716
6	1.1642857142857144
7	0.3928571428571429
8	0.5142857142857143
9	0.4071428571428571
10	0.20000000000000004
11	0.10000000000000002
12	4.9E-324
13	4.9E-324
14	4.9E-324
15	4.9E-324
16	4.9E-324
17	4.9E-324
18	4.9E-324
19	4.9E-324
20	4.9E-324
21	4.9E-324
22	4.9E-324
23	4.9E-324
24	4.9E-324
25	4.9E-324
26	4.9E-324
27	4.9E-324
28	4.9E-324
29	4.9E-324
30	4.9E-324
k 	 Mean of Average Losses 
0 	1.0940131336771275
1	1.0940131336771275
2	0.8237690616289604
3	0.2550631818198355
4	0.18150984788271363
5	0.0
6	0.10312273775797912
7	0.014842077320683255
8	0.11883481578952369
9	0.19455210672563727
10	0.0
11	0.062196566477007525
12	0.0
13	0.0
14	0.0
15	0.0
16	0.0
17	0.0
18	2.2204460492503135E-17
19	0.0
20	0.0
21	0.0
22	0.0
23	0.0
24	2.2204460492503135E-17
25	0.0
26	0.0
27	0.0
28	0.0
29	0.0
30	0.0
k 	 Standard Deviations of Regrets 
1	0.0
2	0.13093073414159534
3	0.19639610121239315
4	0.27884601851347346
5	0.560611910581388
6	0.4886988138027807
7	0.42287886044616235
8	0.3625307868699863
9	0.3833924828662755
10	0.33166247903554
11	0.30000000000000004
12	0.0
13	0.0
14	0.0
15	0.0
16	0.0
17	0.0
18	0.0
19	0.0
20	0.0
21	0.0
22	0.0
23	0.0
24	0.0
25	0.0
26	0.0
27	0.0
28	0.0
29	0.0
30	0.0
k 	 Standard Deviations of Average Losses 
1	0.0
2	0.13093073414159534
3	0.19639610121239315
4	0.27884601851347346
5	0.560611910581388
6	0.4886988138027807
7	0.42287886044616235
8	0.3625307868699863
9	0.3833924828662755
10	0.33166247903554
11	0.30000000000000004
12	0.0
13	0.0
14	0.0
15	0.0
16	0.0
17	0.0
18	0.0
19	0.0
20	0.0
21	0.0
22	0.0
23	0.0
24	0.0
25	0.0
26	0.0
27	0.0
28	0.0
29	0.0
30	0.0
Duration 48,81300 seconds