Random Strategy
4 Voters 3 Alternatives 
30 Questions for10 runs 
Mean of Regret reduced by half in 10 questions 
Mean of Regret reduced by four in 16 questions 
Mean of Regret reduced by eight in 16 questions 
Mean of Average Loss reduced by half in 4 questions 
Mean of Average Loss reduced by four in 7 questions 
Mean of Average Loss reduced by eight in 10 questions 
k 	 Mean of Regrets 
0 	4.0
1	4.0
2	3.8428571428571425
3	3.735064935064935
4	3.108594346829641
5	3.026618953801617
6	2.8929596719070405
7	2.2705882352941176
8	2.171329552460488
9	2.06418208447027
10	1.624693645803679
11	1.2671948198412537
12	1.2771454703095855
13	1.3928667172033502
14	1.0522388059701493
15	1.0663391905598207
16	0.3085089560923022
17	0.43204570735806846
18	0.21212601150619162
19	0.2204500478340035
20	0.1813702304856511
21	0.13997919308152312
22	0.09999999999999999
23	0.1022834820843365
24	0.022430669807189274
25	0.014144603251542587
26	0.08629854958476949
27	4.9E-324
28	4.9E-324
29	4.9E-324
30	4.9E-324
k 	 Mean of Average Losses 
0 	1.110505909831055
1	1.110505909831055
2	0.6517893635548819
3	0.7224880585575123
4	0.36138502327487243
5	0.380304861836943
6	0.3638250796422303
7	0.22694939585723806
8	0.5542145809115105
9	0.366308612679137
10	0.13042926551072054
11	0.20259069272212105
12	0.19112456808797007
13	0.12166403523255039
14	0.31010248091246234
15	0.4331429648695865
16	0.1466521488947955
17	0.07666364046853365
18	0.05200145883427627
19	0.1842140073794363
20	0.04343546561938844
21	0.0
22	0.0
23	0.01417447800228597
24	2.2204460492503135E-17
25	0.0
26	0.0
27	0.0
28	0.0
29	0.0
30	2.220446049250313E-17
k 	 Standard Deviations of Regrets 
1	0.0
2	0.302708858577387
3	0.3888390633280601
4	0.7436376609521399
5	0.7202015117602956
6	0.8988455514550495
7	0.6606550580959337
8	0.9819430479207414
9	0.7476934941050803
10	0.7094478317646387
11	0.7848698809274564
12	0.6330136907117506
13	0.7797955863809278
14	0.8485767046663394
15	0.7768083353780008
16	0.4058240691318769
17	0.6258646246586328
18	0.2636352708184279
19	0.356675516456751
20	0.36876965228952197
21	0.32042622170134527
22	0.3
23	0.2079525023303516
24	0.06729200942156782
25	0.04243380975462776
26	0.2588956487543084
27	0.0
28	0.0
29	0.0
30	0.0
k 	 Standard Deviations of Average Losses 
1	0.0
2	0.302708858577387
3	0.3888390633280601
4	0.7436376609521399
5	0.7202015117602956
6	0.8988455514550495
7	0.6606550580959337
8	0.9819430479207414
9	0.7476934941050803
10	0.7094478317646387
11	0.7848698809274564
12	0.6330136907117506
13	0.7797955863809278
14	0.8485767046663394
15	0.7768083353780008
16	0.4058240691318769
17	0.6258646246586328
18	0.2636352708184279
19	0.356675516456751
20	0.36876965228952197
21	0.32042622170134527
22	0.3
23	0.2079525023303516
24	0.06729200942156782
25	0.04243380975462776
26	0.2588956487543084
27	0.0
28	0.0
29	0.0
30	0.0
Duration 0,70200 seconds