Two Phases Strategy
4 Voters 3 Alternatives 
30 Questions for10 runs 
Mean of Regret reduced by half in 6 questions 
Mean of Regret reduced by four in 8 questions 
Mean of Regret reduced by eight in 11 questions 
Mean of Average Loss reduced by half in 4 questions 
Mean of Average Loss reduced by four in 4 questions 
Mean of Average Loss reduced by eight in 8 questions 
k 	 Mean of Regrets 
0 	4.0
1	4.0
2	3.7714285714285714
3	2.9285714285714284
4	2.5357142857142856
5	2.128571428571429
6	1.9214285714285717
7	1.6285714285714288
8	0.7714285714285715
9	0.5642857142857143
10	0.5642857142857143
11	0.25
12	4.9E-324
13	4.9E-324
14	0.01428571428571429
15	4.9E-324
16	4.9E-324
17	4.9E-324
18	4.9E-324
19	4.9E-324
20	4.9E-324
21	4.9E-324
22	4.9E-324
23	0.01428571428571429
24	0.01428571428571429
25	4.9E-324
26	0.01428571428571429
27	4.9E-324
28	4.9E-324
29	4.9E-324
30	0.01428571428571429
k 	 Mean of Average Losses 
0 	0.9606249678297452
1	0.9606249678297452
2	0.6464931063045967
3	0.6074578546622673
4	0.1876101376222739
5	0.20380681080674418
6	0.5455648085731531
7	0.3124764968215199
8	0.06139924621069842
9	0.1647348634863596
10	0.1646932083941135
11	0.06172320087649466
12	0.0
13	0.0
14	0.0
15	0.0
16	0.0
17	0.0
18	0.0
19	0.0
20	0.0
21	0.0
22	0.0
23	0.0
24	0.0019518852457132143
25	0.0
26	0.0
27	0.0
28	0.0
29	0.0
30	0.0
k 	 Standard Deviations of Regrets 
1	0.0
2	0.11428571428571427
3	0.7085483867221283
4	0.3531924375736033
5	0.4884377427793931
6	0.5979983618843171
7	0.8383657572069263
8	0.4757378801527632
9	0.6392358320522965
10	0.4096414559697048
11	0.40311288741492746
12	0.0
13	0.0
14	0.04285714285714288
15	0.0
16	0.0
17	0.0
18	0.0
19	0.0
20	0.0
21	0.0
22	0.0
23	0.04285714285714288
24	0.04285714285714288
25	0.0
26	0.04285714285714288
27	0.0
28	0.0
29	0.0
30	0.04285714285714288
k 	 Standard Deviations of Average Losses 
1	0.0
2	0.11428571428571427
3	0.7085483867221283
4	0.3531924375736033
5	0.4884377427793931
6	0.5979983618843171
7	0.8383657572069263
8	0.4757378801527632
9	0.6392358320522965
10	0.4096414559697048
11	0.40311288741492746
12	0.0
13	0.0
14	0.04285714285714288
15	0.0
16	0.0
17	0.0
18	0.0
19	0.0
20	0.0
21	0.0
22	0.0
23	0.04285714285714288
24	0.04285714285714288
25	0.0
26	0.04285714285714288
27	0.0
28	0.0
29	0.0
30	0.04285714285714288
Duration 36.92800 seconds