Random Strategy
5 Voters 3 Alternatives 
30 Questions for 10 runs 
Mean of Regret reduced by half in 11 questions 
Mean of Regret reduced by four in 17 questions 
Mean of Regret reduced by eight in 19 questions 
Mean of Average Loss reduced by half in 4 questions 
Mean of Average Loss reduced by four in 4 questions 
Mean of Average Loss reduced by eight in 13 questions 
k 	 Mean of Regrets 
0 	5.0
1	5.0
2	4.725
3	4.308333333333334
4	4.454761904761905
5	3.797564102564102
6	3.7396865203761753
7	2.8450116550116546
8	2.933422459893048
9	2.874510320597277
10	3.0498136648060896
11	2.2266166731476633
12	2.243224437496031
13	1.5058190574475403
14	1.7178238325640063
15	1.670677273353173
16	1.4424547851946103
17	1.1575003770084462
18	0.7810893547667919
19	0.5651698621808219
20	0.5798787809234569
21	0.761525452377239
22	0.3671637354757292
23	0.2707114765820522
24	0.30483135244981374
25	0.08509007300962122
26	0.3913172780248052
27	0.15043304189550416
28	0.08986890461302177
29	4.9E-324
30	4.9E-324
k 	 Mean of Average Losses 
0 	1.2276784194155081
1	1.2276784194155081
2	0.951827924135777
3	1.1752913720340554
4	0.1937661415131571
5	0.43633664031336283
6	0.19455655052633175
7	0.3044401820535027
8	0.19019376958347994
9	0.3190349306966666
10	0.2371462165033324
11	0.32209418780350546
12	0.7156601488113695
13	0.095738456325915
14	0.20438271711955025
15	0.1537828161511947
16	0.3093613182149644
17	0.19745568499681374
18	0.039263163159689494
19	0.16598787825327388
20	0.11308985731013624
21	0.02766763061123865
22	0.09074263229845977
23	0.12611852225455059
24	0.10221747914723567
25	0.0
26	0.0
27	0.008149958324432794
28	0.0
29	0.0
30	0.0
k 	 Standard Deviations of Regrets 
1	0.0
2	0.37831864876053906
3	0.5701486161032441
4	0.46671525500212724
5	0.8864904783351198
6	0.923940583684696
7	1.241048672594818
8	0.8660563188544506
9	0.9243299960297194
10	0.6942645810792254
11	1.1288918227341473
12	1.4018825775078372
13	1.0237162779520899
14	0.9870889618642753
15	0.9544594979956507
16	0.8282642351709477
17	0.6931279257805562
18	0.8193188054233984
19	0.8894078901640817
20	0.5126770126535088
21	0.9325535658545484
22	0.8434927629634235
23	0.6137722913678216
24	0.40848537847937744
25	0.1512559700412534
26	0.6533549889705129
27	0.29300075282198224
28	0.26960671383906537
29	0.0
30	0.0
k 	 Standard Deviations of Average Losses 
1	0.0
2	0.37831864876053906
3	0.5701486161032441
4	0.46671525500212724
5	0.8864904783351198
6	0.923940583684696
7	1.241048672594818
8	0.8660563188544506
9	0.9243299960297194
10	0.6942645810792254
11	1.1288918227341473
12	1.4018825775078372
13	1.0237162779520899
14	0.9870889618642753
15	0.9544594979956507
16	0.8282642351709477
17	0.6931279257805562
18	0.8193188054233984
19	0.8894078901640817
20	0.5126770126535088
21	0.9325535658545484
22	0.8434927629634235
23	0.6137722913678216
24	0.40848537847937744
25	0.1512559700412534
26	0.6533549889705129
27	0.29300075282198224
28	0.26960671383906537
29	0.0
30	0.0
Duration 0.44200 seconds 
Questions to the voters: 2291 Question to the committee: 2359