Minimax Strategy with weighted average aggregation operator
5 Voters 3 Alternatives 
30 Questions for10 runs 
Mean of Regret reduced by half in 5 questions 
Mean of Regret reduced by four in 8 questions 
Mean of Regret reduced by eight in 9 questions 
Mean of Average Loss reduced by half in 2 questions 
Mean of Average Loss reduced by four in 4 questions 
Mean of Average Loss reduced by eight in 7 questions 
k 	 Mean of Regrets 
0 	5.0
1	5.0
2	3.5
3	3.25
4	2.8500000000000005
5	2.35
6	1.9499999999999997
7	1.475
8	0.7249999999999999
9	0.6
10	0.45
11	0.39999999999999997
12	0.32000000000000006
13	0.049999999999999996
14	4.9E-324
15	4.9E-324
16	4.9E-324
17	4.9E-324
18	4.9E-324
19	4.9E-324
20	4.9E-324
21	4.9E-324
22	4.9E-324
23	4.9E-324
24	4.9E-324
25	4.9E-324
26	4.9E-324
27	4.9E-324
28	4.9E-324
29	4.9E-324
30	4.9E-324
k 	 Mean of Average Losses 
0 	1.183952481995786
1	1.183952481995786
2	0.333756339396154
3	0.677073146331823
4	0.2679671869124335
5	0.26700650290392486
6	0.37974610691417504
7	0.07347183488865178
8	0.0
9	0.1744760628753686
10	0.12387293123581157
11	0.06348752884594776
12	0.14243106705074815
13	0.024242699921599175
14	0.0
15	0.0
16	0.0
17	0.0
18	0.0
19	0.0
20	0.0
21	0.0
22	0.0
23	0.0
24	0.0
25	0.0
26	0.0
27	0.0
28	0.0
29	2.2204460492503135E-17
30	0.0
k 	 Standard Deviations of Regrets 
1	0.0
2	0.0
3	0.24999999999999992
4	0.593717104351896
5	0.5937171043518958
6	0.4153311931459038
7	0.6169481339626532
8	0.8249999999999998
9	0.66332495807108
10	0.65
11	0.6244997998398398
12	0.5929586832149437
13	0.15
14	0.0
15	0.0
16	0.0
17	0.0
18	0.0
19	0.0
20	0.0
21	0.0
22	0.0
23	0.0
24	0.0
25	0.0
26	0.0
27	0.0
28	0.0
29	0.0
30	0.0
k 	 Standard Deviations of Average Losses 
1	0.0
2	0.0
3	0.24999999999999992
4	0.593717104351896
5	0.5937171043518958
6	0.4153311931459038
7	0.6169481339626532
8	0.8249999999999998
9	0.66332495807108
10	0.65
11	0.6244997998398398
12	0.5929586832149437
13	0.15
14	0.0
15	0.0
16	0.0
17	0.0
18	0.0
19	0.0
20	0.0
21	0.0
22	0.0
23	0.0
24	0.0
25	0.0
26	0.0
27	0.0
28	0.0
29	0.0
30	0.0
Duration 60,70700 seconds