Two Phases Strategy
5 Voters 3 Alternatives 
30 Questions for 10 runs 
Mean of Regret reduced by half in 5 questions 
Mean of Regret reduced by four in 9 questions 
Mean of Regret reduced by eight in 10 questions 
Mean of Average Loss reduced by half in 3 questions 
Mean of Average Loss reduced by four in 3 questions 
Mean of Average Loss reduced by eight in 3 questions 
k 	 Mean of Regrets 
0 	5.0
1	5.0
2	4.875
3	3.35
4	3.175
5	2.4499999999999997
6	2.0250000000000004
7	1.75
8	1.4
9	0.775
10	0.30000000000000004
11	0.19999999999999998
12	4.9E-324
13	0.05000000000000001
14	4.9E-324
15	4.9E-324
16	4.9E-324
17	4.9E-324
18	4.9E-324
19	4.9E-324
20	4.9E-324
21	4.9E-324
22	4.9E-324
23	4.9E-324
24	4.9E-324
25	4.9E-324
26	4.9E-324
27	4.9E-324
28	4.9E-324
29	4.9E-324
30	4.9E-324
k 	 Mean of Average Losses 
0 	0.9228531620496202
1	0.9228531620496202
2	0.7743166675042927
3	0.11312673531247998
4	0.8468775018919774
5	0.05960907139589953
6	0.22001801389475073
7	0.3366960841447637
8	0.24703643821411472
9	0.1390489059371056
10	0.09999999999999999
11	0.016881175050496643
12	0.0
13	0.0
14	0.0
15	0.0
16	0.0
17	0.0
18	0.0
19	0.0
20	0.0
21	0.0
22	0.0
23	0.0
24	0.0
25	0.0
26	0.0
27	0.0
28	0.0
29	0.0
30	0.0
k 	 Standard Deviations of Regrets 
1	0.0
2	0.12500000000000006
3	0.12247448713915889
4	0.31721443851123804
5	0.7566372975210778
6	0.5414101956926929
7	0.4183300132670378
8	0.7762087348130011
9	0.6932712311931024
10	0.4716990566028302
11	0.35000000000000003
12	0.0
13	0.15000000000000002
14	0.0
15	0.0
16	0.0
17	0.0
18	0.0
19	0.0
20	0.0
21	0.0
22	0.0
23	0.0
24	0.0
25	0.0
26	0.0
27	0.0
28	0.0
29	0.0
30	0.0
k 	 Standard Deviations of Average Losses 
1	0.0
2	0.12500000000000006
3	0.12247448713915889
4	0.31721443851123804
5	0.7566372975210778
6	0.5414101956926929
7	0.4183300132670378
8	0.7762087348130011
9	0.6932712311931024
10	0.4716990566028302
11	0.35000000000000003
12	0.0
13	0.15000000000000002
14	0.0
15	0.0
16	0.0
17	0.0
18	0.0
19	0.0
20	0.0
21	0.0
22	0.0
23	0.0
24	0.0
25	0.0
26	0.0
27	0.0
28	0.0
29	0.0
30	0.0
Duration 56.72000 seconds 
Questions to the voters: 3028 Question to the committee: 300