Random Strategy
6 Voters 3 Alternatives 
30 Questions for 10 runs 
Mean of Regret reduced by half in 13 questions 
Mean of Regret reduced by four in 18 questions 
Mean of Regret reduced by eight in 25 questions 
Mean of Average Loss reduced by half in 7 questions 
Mean of Average Loss reduced by four in 15 questions 
Mean of Average Loss reduced by eight in 25 questions 
k 	 Mean of Regrets 
0 	6.0
1	6.0
2	5.655555555555556
3	5.545856558900037
4	5.188461538461538
5	5.019132049983114
6	4.728444653190259
7	4.012150677937675
8	4.529034058368978
9	3.9697564481746612
10	3.409568695277526
11	3.9774689640772243
12	3.39543762629905
13	2.574245663856326
14	3.173116495060605
15	2.245788695549012
16	2.3416516346455234
17	2.1924821176007776
18	1.1953458136399986
19	1.543298845802398
20	1.87881210459426
21	1.321345840230784
22	1.4193263160049014
23	0.9792572755266326
24	0.9848631961847321
25	0.4904945224332884
26	0.3911393766599096
27	0.853908074935083
28	0.47293568430147725
29	0.20136396645206928
30	0.3329093656371355
k 	 Mean of Average Losses 
0 	0.8078768810030089
1	0.8078768810030089
2	0.4885726144856446
3	0.6820527324244353
4	0.7290738787762391
5	1.201164999050354
6	0.6203212150173871
7	0.3525821281696217
8	0.7305889364105328
9	0.35742552354217955
10	0.9753540817059642
11	0.42534104836853115
12	0.37888601161609325
13	0.2549556013008899
14	0.25915768760458596
15	0.13420709358136557
16	0.6099641845088317
17	0.1733240559964019
18	0.6286167597514143
19	0.14826206478379766
20	0.2727346144880558
21	0.46491128220362904
22	0.19540454300421625
23	0.2879700075369698
24	0.390281172062079
25	0.03140067630434662
26	0.019418290043867123
27	0.2270079649946382
28	0.15451368247827496
29	0.0013638327153945085
30	0.18736007482969202
k 	 Standard Deviations of Regrets 
1	0.0
2	0.49115635789556317
3	0.36750131924777313
4	0.5042570256615113
5	0.7410997014295022
6	0.8521429555891732
7	0.41597059563155525
8	0.6427785269267764
9	0.7971429466247488
10	1.143154059407955
11	1.0259812964337598
12	1.2944332630027342
13	1.1772076366019686
14	1.51027870994762
15	0.9187981884083183
16	0.9247966196709525
17	1.0661682725809596
18	1.2250101412177021
19	0.796320733932797
20	1.1553865605994562
21	0.958382597892591
22	1.0412974176882448
23	0.9185615736843725
24	1.1803699887754948
25	0.8230770666684772
26	0.679112565505111
27	0.8956944798593822
28	0.68701974868088
29	0.6040918993562078
30	0.5436120043377701
k 	 Standard Deviations of Average Losses 
1	0.0
2	0.49115635789556317
3	0.36750131924777313
4	0.5042570256615113
5	0.7410997014295022
6	0.8521429555891732
7	0.41597059563155525
8	0.6427785269267764
9	0.7971429466247488
10	1.143154059407955
11	1.0259812964337598
12	1.2944332630027342
13	1.1772076366019686
14	1.51027870994762
15	0.9187981884083183
16	0.9247966196709525
17	1.0661682725809596
18	1.2250101412177021
19	0.796320733932797
20	1.1553865605994562
21	0.958382597892591
22	1.0412974176882448
23	0.9185615736843725
24	1.1803699887754948
25	0.8230770666684772
26	0.679112565505111
27	0.8956944798593822
28	0.68701974868088
29	0.6040918993562078
30	0.5436120043377701
Duration 0.49600 seconds 
Questions to the voters: 2338 Question to the committee: 2312