Minimax Strategy with weighted average aggregation operator
6 Voters 3 Alternatives 
30 Questions for10 runs 
Mean of Regret reduced by half in 7 questions 
Mean of Regret reduced by four in 10 questions 
Mean of Regret reduced by eight in 12 questions 
Mean of Average Loss reduced by half in 3 questions 
Mean of Average Loss reduced by four in 5 questions 
Mean of Average Loss reduced by eight in 7 questions 
k 	 Mean of Regrets 
0 	6.0
1	6.0
2	5.844444444444445
3	4.388888888888888
4	4.227777777777779
5	3.6111111111111116
6	3.033333333333333
7	2.8555555555555556
8	2.2777777777777777
9	2.0166666666666666
10	1.0944444444444446
11	0.85
12	0.43888888888888883
13	0.15
14	0.3577294685990338
15	0.19444444444444448
16	0.15555555555555556
17	0.10000000000000002
18	0.11098265895953756
19	0.09248120300751879
20	4.9E-324
21	0.028893905191873587
22	4.9E-324
23	4.9E-324
24	4.9E-324
25	4.9E-324
26	4.9E-324
27	4.9E-324
28	4.9E-324
29	4.9E-324
30	4.9E-324
k 	 Mean of Average Losses 
0 	1.2704042904552724
1	1.2704042904552724
2	0.702644667547409
3	0.6245770098083879
4	0.45922936131327
5	0.2327828657486755
6	0.29799056061138385
7	0.1434019560115855
8	0.3672969222279405
9	0.4103901719905911
10	0.11181636944669507
11	0.15138938889306958
12	0.08323168859804116
13	0.04583572634158397
14	0.08400368777378756
15	0.05365445548557471
16	0.0
17	0.09590834384428541
18	0.009019692575329375
19	0.08830046938434011
20	0.0
21	0.0
22	0.0
23	0.0
24	0.0
25	2.220446049250313E-17
26	0.0
27	1.4802973661668754E-17
28	0.0
29	0.0
30	0.0
k 	 Standard Deviations of Regrets 
1	0.0
2	0.10183501544346324
3	0.1360827634879543
4	0.2793842435706705
5	0.9077852576871216
6	0.6475023237481541
7	0.47479690264936647
8	0.8947721966794772
9	0.8674675786448736
10	0.39600629749326083
11	0.657365674210047
12	0.6413960468297951
13	0.32015621187164245
14	0.3811016316411212
15	0.2644000896509065
16	0.32659863237109044
17	0.30000000000000004
18	0.33294797687861266
19	0.2774436090225564
20	0.0
21	0.08668171557562077
22	0.0
23	0.0
24	0.0
25	0.0
26	0.0
27	0.0
28	0.0
29	0.0
30	0.0
k 	 Standard Deviations of Average Losses 
1	0.0
2	0.10183501544346324
3	0.1360827634879543
4	0.2793842435706705
5	0.9077852576871216
6	0.6475023237481541
7	0.47479690264936647
8	0.8947721966794772
9	0.8674675786448736
10	0.39600629749326083
11	0.657365674210047
12	0.6413960468297951
13	0.32015621187164245
14	0.3811016316411212
15	0.2644000896509065
16	0.32659863237109044
17	0.30000000000000004
18	0.33294797687861266
19	0.2774436090225564
20	0.0
21	0.08668171557562077
22	0.0
23	0.0
24	0.0
25	0.0
26	0.0
27	0.0
28	0.0
29	0.0
30	0.0
Duration 91,41800 seconds