Two Phases Strategy
6 Voters 3 Alternatives 
30 Questions for10 runs 
Mean of Regret reduced by half in 9 questions 
Mean of Regret reduced by four in 12 questions 
Mean of Regret reduced by eight in 14 questions 
Mean of Average Loss reduced by half in 2 questions 
Mean of Average Loss reduced by four in 4 questions 
Mean of Average Loss reduced by eight in 4 questions 
k 	 Mean of Regrets 
0 	6.0
1	6.0
2	5.8
3	5.211111111111111
4	4.688888888888889
5	4.427777777777777
6	3.7888888888888888
7	3.3499999999999996
8	3.1333333333333333
9	2.2888888888888888
10	2.1611111111111114
11	1.5555555555555556
12	1.4055555555555554
13	1.0
14	0.25555555555555554
15	0.4333333333333333
16	0.20555555555555557
17	0.13333333333333333
18	0.049999999999999996
19	4.9E-324
20	4.9E-324
21	0.0666666666666667
22	4.9E-324
23	4.9E-324
24	4.9E-324
25	4.9E-324
26	4.9E-324
27	4.9E-324
28	0.011111111111111117
29	4.9E-324
30	4.9E-324
k 	 Mean of Average Losses 
0 	1.2379500167977386
1	1.2379500167977386
2	0.380039683675955
3	0.7457734846577073
4	0.12222887139550434
5	0.1565351036909825
6	0.7587572414351516
7	0.43643959800898136
8	0.4400164849787779
9	0.05
10	0.6490339389732798
11	0.08640402979519277
12	0.302807492032755
13	0.17174147896048578
14	0.12250185990210824
15	0.0809642677139947
16	0.0485265955286125
17	0.024144132183296918
18	0.0
19	0.0
20	0.0
21	0.0
22	0.0
23	0.0
24	0.0
25	0.0
26	0.0
27	0.0
28	0.0
29	0.0
30	0.0
k 	 Standard Deviations of Regrets 
1	0.0
2	0.06666666666666667
3	0.44291403173321664
4	0.2036700308869262
5	0.419472037355837
6	0.7293663747678361
7	0.7880472819054187
8	0.6854754140083191
9	0.6991176096328608
10	0.8831236648439489
11	0.721794745284965
12	0.5973449486304551
13	0.4479032082388083
14	0.3619221661089407
15	0.41111111111111115
16	0.33706247360261143
17	0.20816659994661327
18	0.15
19	0.0
20	0.0
21	0.13333333333333336
22	0.0
23	0.0
24	0.0
25	0.0
26	0.0
27	0.0
28	0.03333333333333335
29	0.0
30	0.0
k 	 Standard Deviations of Average Losses 
1	0.0
2	0.06666666666666667
3	0.44291403173321664
4	0.2036700308869262
5	0.419472037355837
6	0.7293663747678361
7	0.7880472819054187
8	0.6854754140083191
9	0.6991176096328608
10	0.8831236648439489
11	0.721794745284965
12	0.5973449486304551
13	0.4479032082388083
14	0.3619221661089407
15	0.41111111111111115
16	0.33706247360261143
17	0.20816659994661327
18	0.15
19	0.0
20	0.0
21	0.13333333333333336
22	0.0
23	0.0
24	0.0
25	0.0
26	0.0
27	0.0
28	0.03333333333333335
29	0.0
30	0.0
Duration 76.74100 seconds