Two Phases Strategy
3 Voters 4 Alternatives 
30 Questions for 10 runs 
Mean of Regret reduced by half in 7 questions 
Mean of Regret reduced by four in 8 questions 
Mean of Regret reduced by eight in 12 questions 
Mean of Average Loss reduced by half in 4 questions 
Mean of Average Loss reduced by four in 6 questions 
Mean of Average Loss reduced by eight in 9 questions 
k 	 Mean of Regrets 
0 	3.0
1	3.0
2	3.0
3	2.9285714285714284
4	2.6714285714285717
5	1.7133333333333334
6	1.5957142857142856
7	1.26
8	0.732142857142857
9	0.669047619047619
10	0.4245238095238095
11	0.3845238095238095
12	0.2433333333333333
13	0.22499999999999995
14	0.135
15	3.3306690738754695E-17
16	4.440892098500627E-17
17	4.9E-324
18	0.01428571428571429
19	4.9E-324
20	4.9E-324
21	0.01999999999999997
22	0.019999999999999973
23	3.3306690738754695E-17
24	3.3306690738754695E-17
25	1.1102230246251568E-17
26	3.3306690738754695E-17
27	2.2204460492503135E-17
28	1.1102230246251568E-17
29	0.01999999999999997
30	4.9E-324
k 	 Mean of Average Losses 
0 	0.7627835228311555
1	0.7627835228311555
2	0.7059890621108559
3	1.0958527362143766
4	0.36968690536014465
5	0.5080499193119931
6	0.13385847165156445
7	0.2773665053857311
8	0.10029170912820781
9	0.05572286740666157
10	0.05103288274242126
11	0.12622639947495182
12	0.06504915726058065
13	0.09999999999999999
14	0.04494202594054591
15	0.0
16	0.0
17	0.0
18	1.1102230246251568E-17
19	0.0
20	0.0
21	0.00969076118173251
22	0.0
23	1.1102230246251568E-17
24	0.0
25	0.0
26	0.0
27	0.0
28	0.0
29	0.013019690627473946
30	0.0
k 	 Standard Deviations of Regrets 
1	0.0
2	0.0
3	0.07142857142857145
4	0.11751393027860066
5	0.1462114146630754
6	0.2200334956978708
7	0.21540659228538006
8	0.5615780426255852
9	0.5197297832711222
10	0.43225146214976795
11	0.32332114781722876
12	0.4825971404805461
13	0.4686416541452541
14	0.22141589825484526
15	9.992007221626409E-17
16	1.0175362097255204E-16
17	0.0
18	0.04285714285714288
19	0.0
20	0.0
21	0.059999999999999915
22	0.059999999999999915
23	9.99200722162641E-17
24	9.992007221626409E-17
25	3.33066907387547E-17
26	9.992007221626409E-17
27	4.4408920985006264E-17
28	3.33066907387547E-17
29	0.059999999999999915
30	0.0
k 	 Standard Deviations of Average Losses 
1	0.0
2	0.0
3	0.07142857142857145
4	0.11751393027860066
5	0.1462114146630754
6	0.2200334956978708
7	0.21540659228538006
8	0.5615780426255852
9	0.5197297832711222
10	0.43225146214976795
11	0.32332114781722876
12	0.4825971404805461
13	0.4686416541452541
14	0.22141589825484526
15	9.992007221626409E-17
16	1.0175362097255204E-16
17	0.0
18	0.04285714285714288
19	0.0
20	0.0
21	0.059999999999999915
22	0.059999999999999915
23	9.99200722162641E-17
24	9.992007221626409E-17
25	3.33066907387547E-17
26	9.992007221626409E-17
27	4.4408920985006264E-17
28	3.33066907387547E-17
29	0.059999999999999915
30	0.0
Duration 349.55200 seconds 
Questions to the voters: 3107 Question to the committee: 590