Minimax Strategy with weighted average aggregation operator
3 Voters 4 Alternatives 
30 Questions for10 runs 
Mean of Regret reduced by half in 5 questions 
Mean of Regret reduced by four in 9 questions 
Mean of Regret reduced by eight in 11 questions 
Mean of Average Loss reduced by half in 3 questions 
Mean of Average Loss reduced by four in 4 questions 
Mean of Average Loss reduced by eight in 8 questions 
k 	 Mean of Regrets 
0 	3.0
1	3.0
2	3.0
3	2.0666666666666664
4	1.6333333333333333
5	1.4333333333333333
6	1.4000000000000001
7	0.9666666666666666
8	0.9666666666666668
9	0.49999999999999994
10	0.395
11	0.1166666666666667
12	0.08333333333333331
13	4.9E-324
14	4.9E-324
15	0.014285714285714294
16	4.9E-324
17	4.9E-324
18	4.9E-324
19	4.9E-324
20	0.14520179372197306
21	0.15603082380282554
22	4.9E-324
23	4.9E-324
24	4.9E-324
25	4.9E-324
26	4.9E-324
27	4.9E-324
28	4.9E-324
29	2.292232867622056E-18
30	4.9E-324
k 	 Mean of Average Losses 
0 	0.8996618096692316
1	0.8996618096692316
2	0.7242488256670796
3	0.24142746726736888
4	0.21853791863662755
5	0.12965948469280356
6	0.31992679663025947
7	0.18948622456176104
8	0.040134894783949555
9	0.14279797920667672
10	0.1420790528225693
11	0.040354346627332574
12	0.0
13	0.0
14	0.0
15	0.010076059123933855
16	0.0
17	0.0
18	0.0
19	0.0
20	0.10149476852777309
21	0.04047075112407668
22	0.0
23	0.0
24	0.0
25	0.0
26	0.0
27	0.0
28	0.0
29	0.0
30	0.0
k 	 Standard Deviations of Regrets 
1	0.0
2	0.0
3	0.6110100926607785
4	0.06666666666666662
5	0.23804761428476165
6	0.2808716591058785
7	0.5416025603090641
8	0.45215533220835125
9	0.5426273532033234
10	0.5413999343266388
11	0.23629078131263045
12	0.17078251276599327
13	0.0
14	0.0
15	0.04285714285714289
16	0.0
17	0.0
18	0.0
19	0.0
20	0.4356053811659193
21	0.41921588767663265
22	0.0
23	0.0
24	0.0
25	0.0
26	0.0
27	0.0
28	0.0
29	6.876698602866168E-18
30	0.0
k 	 Standard Deviations of Average Losses 
1	0.0
2	0.0
3	0.6110100926607785
4	0.06666666666666662
5	0.23804761428476165
6	0.2808716591058785
7	0.5416025603090641
8	0.45215533220835125
9	0.5426273532033234
10	0.5413999343266388
11	0.23629078131263045
12	0.17078251276599327
13	0.0
14	0.0
15	0.04285714285714289
16	0.0
17	0.0
18	0.0
19	0.0
20	0.4356053811659193
21	0.41921588767663265
22	0.0
23	0.0
24	0.0
25	0.0
26	0.0
27	0.0
28	0.0
29	6.876698602866168E-18
30	0.0
Duration 232,38400 seconds