Random Strategy
3 Voters 4 Alternatives 
30 Questions for 10 runs 
Mean of Regret reduced by half in 13 questions 
Mean of Regret reduced by four in 20 questions 
Mean of Regret reduced by eight in 23 questions 
Mean of Average Loss reduced by half in 8 questions 
Mean of Average Loss reduced by four in 15 questions 
Mean of Average Loss reduced by eight in 19 questions 
k 	 Mean of Regrets 
0 	3.0
1	3.0
2	3.0
3	2.952380952380952
4	2.831818181818182
5	2.9246616541353383
6	2.711969696969697
7	2.535591004538373
8	1.9413012039560025
9	1.934795339011025
10	1.8656023202848682
11	1.5630220218378112
12	1.7065593106445873
13	1.4321468506430912
14	1.3653320771632218
15	0.8338248070154972
16	1.2570213639692454
17	0.8669520204536627
18	0.8084396677725968
19	0.7676857025931823
20	0.565741626599473
21	0.41481481481481475
22	0.6640455771032915
23	0.33718870168840614
24	0.09289706919833174
25	0.6154764998219211
26	0.20153124301881817
27	0.28006263048016694
28	0.12749279291329696
29	0.38082435936831116
30	0.09530291132245589
k 	 Mean of Average Losses 
0 	0.9206962150637199
1	0.9206962150637199
2	0.867078594066465
3	0.9000168437085129
4	0.7254927295516352
5	0.718589044200378
6	0.5737542354701402
7	0.4712338174066284
8	0.3946108781769352
9	0.493603744468284
10	0.2851244611843114
11	0.5447183459367178
12	0.27584231609502097
13	0.2932955939355965
14	0.361921747952805
15	0.15722741763098094
16	0.17632063163182088
17	0.14779075667781622
18	0.2428204141516589
19	0.09146081594666296
20	0.07289483549091913
21	0.08065992630761296
22	0.06244424142269953
23	0.08646896408619038
24	0.003115051406139169
25	0.19630412024267946
26	0.15727713999925597
27	0.06348959019687184
28	0.08803912534092587
29	0.1542026096087265
30	0.0
k 	 Standard Deviations of Regrets 
1	0.0
2	0.0
3	0.1043281061914603
4	0.3162604324872537
5	0.1296035606489889
6	0.3295797265355542
7	0.2670751556680049
8	0.600429757568342
9	0.5960283371699246
10	0.8180419091974311
11	0.4061211835017994
12	0.4671922774571577
13	0.3717926283055472
14	0.6066895076681176
15	0.5944014450538555
16	0.5992863401973547
17	0.801993420258998
18	0.3988806089740595
19	0.5274326085579301
20	0.5188628466125128
21	0.911111111111111
22	0.5245471039449922
23	0.46367132738204925
24	0.17677321095766108
25	0.7103637583148448
26	0.3137425942637281
27	0.39446487869314806
28	0.27728442134532166
29	0.5378039577828795
30	0.28590873396736766
k 	 Standard Deviations of Average Losses 
1	0.0
2	0.0
3	0.1043281061914603
4	0.3162604324872537
5	0.1296035606489889
6	0.3295797265355542
7	0.2670751556680049
8	0.600429757568342
9	0.5960283371699246
10	0.8180419091974311
11	0.4061211835017994
12	0.4671922774571577
13	0.3717926283055472
14	0.6066895076681176
15	0.5944014450538555
16	0.5992863401973547
17	0.801993420258998
18	0.3988806089740595
19	0.5274326085579301
20	0.5188628466125128
21	0.911111111111111
22	0.5245471039449922
23	0.46367132738204925
24	0.17677321095766108
25	0.7103637583148448
26	0.3137425942637281
27	0.39446487869314806
28	0.27728442134532166
29	0.5378039577828795
30	0.28590873396736766
Duration 1.26100 seconds 
Questions to the voters: 2252 Question to the committee: 2398