Random Strategy
4 Voters 4 Alternatives 
30 Questions for 10 runs 
Mean of Regret reduced by half in 18 questions 
Mean of Regret reduced by four in 26 questions 
Mean of Regret reduced by eight in 30 questions 
Mean of Average Loss reduced by half in 9 questions 
Mean of Average Loss reduced by four in 12 questions 
Mean of Average Loss reduced by eight in 12 questions 
k 	 Mean of Regrets 
0 	4.0
1	4.0
2	4.0
3	3.98974358974359
4	3.907118758434548
5	3.8033799533799533
6	3.5302006237490113
7	3.6239333689839692
8	3.0615928234915577
9	3.0359699124405006
10	3.08949424500758
11	2.8255265747763114
12	2.6484408682804634
13	2.456991308200121
14	2.769800488904525
15	2.222128839868585
16	2.210142148501716
17	2.29819776779088
18	1.9789398230845856
19	1.6215574685684215
20	1.8464446058523207
21	1.399689149269088
22	1.9527608089795225
23	1.8235322723969185
24	1.0129455228991087
25	1.1671384109396543
26	0.7563445368563342
27	0.5976218675225978
28	1.0566256496907573
29	0.6359021008023582
30	0.48272099400436325
k 	 Mean of Average Losses 
0 	1.1759367930715277
1	1.1759367930715277
2	0.8747787129921321
3	1.0556593055784855
4	0.8431161660725627
5	0.8591765398663924
6	0.8837160784561717
7	0.9799222533072498
8	0.7045057660055702
9	0.4234041224216759
10	0.38919782376995193
11	0.41490644442918223
12	0.12252073650949602
13	0.3441302782934747
14	0.2780004292181679
15	0.3013058332356162
16	0.5585285145084762
17	0.38450594725487436
18	0.3947091650111234
19	0.1509594914288987
20	0.1983480370365581
21	0.29113027287607324
22	0.26898101729010915
23	0.2077975934967686
24	0.250939154222131
25	0.22449943768144565
26	0.2021374942618052
27	0.24587573143389096
28	0.0
29	0.25545088273550753
30	0.05377378243728377
k 	 Standard Deviations of Regrets 
1	0.0
2	0.0
3	0.030769230769230823
4	0.1716815908677391
5	0.3171996804482571
6	0.4234433405353333
7	0.379619611779784
8	0.49908439596489335
9	0.44428160903960945
10	0.7039878079414771
11	0.6441036825364814
12	0.3495147525254662
13	0.7381974766794747
14	0.5070767539026587
15	0.8504274221287031
16	0.5977990324767111
17	0.6961906046105526
18	0.6237936825313518
19	0.6539948867792567
20	0.9351691013455887
21	0.8345047017516859
22	1.0553006931223834
23	0.8030086023486587
24	0.7453103375280876
25	0.6599181189312016
26	0.7011755045618828
27	0.47235225605268183
28	0.6043948223066791
29	0.5925042842150039
30	0.3670268255247741
k 	 Standard Deviations of Average Losses 
1	0.0
2	0.0
3	0.030769230769230823
4	0.1716815908677391
5	0.3171996804482571
6	0.4234433405353333
7	0.379619611779784
8	0.49908439596489335
9	0.44428160903960945
10	0.7039878079414771
11	0.6441036825364814
12	0.3495147525254662
13	0.7381974766794747
14	0.5070767539026587
15	0.8504274221287031
16	0.5977990324767111
17	0.6961906046105526
18	0.6237936825313518
19	0.6539948867792567
20	0.9351691013455887
21	0.8345047017516859
22	1.0553006931223834
23	0.8030086023486587
24	0.7453103375280876
25	0.6599181189312016
26	0.7011755045618828
27	0.47235225605268183
28	0.6043948223066791
29	0.5925042842150039
30	0.3670268255247741
Duration 1.62700 seconds 
Questions to the voters: 2276 Question to the committee: 2374