Minimax Strategy with weighted average aggregation operator
4 Voters 4 Alternatives 
30 Questions for10 runs 
Mean of Regret reduced by half in 9 questions 
Mean of Regret reduced by four in 13 questions 
Mean of Regret reduced by eight in 14 questions 
Mean of Average Loss reduced by half in 4 questions 
Mean of Average Loss reduced by four in 6 questions 
Mean of Average Loss reduced by eight in 6 questions 
k 	 Mean of Regrets 
0 	4.0
1	4.0
2	4.0
3	3.948717948717949
4	3.663003663003663
5	3.028225806451613
6	2.47542735042735
7	2.283333333333333
8	2.3153235653235655
9	1.857936507936508
10	1.4021824661400633
11	1.3865384615384617
12	1.1676351426351426
13	0.8316544566544566
14	0.36752136752136755
15	0.23492063492063497
16	0.1355006105006105
17	0.34246031746031746
18	0.31854867619193933
19	0.1761904761904762
20	0.2808577324706357
21	0.05759717314487633
22	0.18619859419859422
23	0.011111111111111117
24	4.9E-324
25	0.13817140186562077
26	0.008571428571428584
27	0.0028033558420298864
28	4.9E-324
29	4.9E-324
30	4.9E-324
k 	 Mean of Average Losses 
0 	1.0233927905426026
1	1.0233927905426026
2	1.1124336426194026
3	0.8112210033605771
4	0.448922697370525
5	0.40241474107837927
6	0.11879737497763433
7	0.10000000000000002
8	0.5481857560159259
9	0.37025270293410256
10	0.1244269567085269
11	0.13683964309465974
12	0.18622405912658122
13	0.09908683262170997
14	0.0716020852048343
15	0.0
16	0.0
17	0.050489586579555955
18	0.09990818219766162
19	0.007212219032133759
20	0.09215612771135401
21	0.04466977942431383
22	0.07130471136515429
23	1.1102230246251566E-17
24	0.0
25	0.0022481233984352755
26	0.0
27	0.0
28	0.0
29	0.0
30	0.0
k 	 Standard Deviations of Regrets 
1	0.0
2	0.0
3	0.05128205128205133
4	0.03357198311322972
5	0.5762644007865035
6	0.1801758511875492
7	0.23629078131263048
8	0.3119059807526891
9	0.5666155327958659
10	0.5275722377238473
11	0.5821419928185573
12	0.6473443875329798
13	0.701530807952026
14	0.40189121181226484
15	0.30232157897282635
16	0.1964311898752761
17	0.38484310297546626
18	0.3308559229203331
19	0.313744122095793
20	0.36563876485511315
21	0.1397378731089907
22	0.32534678937263223
23	0.03333333333333334
24	0.0
25	0.2771541079277158
26	0.02571428571428576
27	0.008410067526089658
28	0.0
29	0.0
30	0.0
k 	 Standard Deviations of Average Losses 
1	0.0
2	0.0
3	0.05128205128205133
4	0.03357198311322972
5	0.5762644007865035
6	0.1801758511875492
7	0.23629078131263048
8	0.3119059807526891
9	0.5666155327958659
10	0.5275722377238473
11	0.5821419928185573
12	0.6473443875329798
13	0.701530807952026
14	0.40189121181226484
15	0.30232157897282635
16	0.1964311898752761
17	0.38484310297546626
18	0.3308559229203331
19	0.313744122095793
20	0.36563876485511315
21	0.1397378731089907
22	0.32534678937263223
23	0.03333333333333334
24	0.0
25	0.2771541079277158
26	0.02571428571428576
27	0.008410067526089658
28	0.0
29	0.0
30	0.0
Duration 607,06100 seconds