Two Phases Strategy
4 Voters 4 Alternatives 
30 Questions for 10 runs 
Mean of Regret reduced by half in 8 questions 
Mean of Regret reduced by four in 12 questions 
Mean of Regret reduced by eight in 16 questions 
Mean of Average Loss reduced by half in 4 questions 
Mean of Average Loss reduced by four in 7 questions 
Mean of Average Loss reduced by eight in 7 questions 
k 	 Mean of Regrets 
0 	4.0
1	4.0
2	4.0
3	3.9179487179487182
4	3.734798534798535
5	2.775
6	2.5111111111111115
7	2.1021367521367518
8	1.9039682539682543
9	1.4448717948717946
10	1.4091880341880343
11	1.4047008547008548
12	0.736965811965812
13	0.5956654456654457
14	0.8021367521367522
15	0.5801282051282051
16	0.21666666666666667
17	0.27329059829059826
18	0.2666666666666668
19	4.9E-324
20	0.033333333333333354
21	4.9E-324
22	0.06153846153846152
23	0.03351648351648351
24	1.1102230246251568E-17
25	0.05042735042735039
26	0.06684981684981686
27	0.051282051282051246
28	1.1102230246251568E-17
29	4.9E-324
30	0.06153846153846154
k 	 Mean of Average Losses 
0 	1.0296292048071247
1	1.0296292048071247
2	0.935704121287195
3	0.8375299345100973
4	0.5092090325783489
5	0.43220849159484204
6	0.43996425544003026
7	0.08157538576381254
8	0.2966255519770179
9	0.3951667236763504
10	0.33654590027837106
11	0.055814464482541744
12	0.22607170321508313
13	0.07063610310318928
14	0.3686580700271298
15	0.144236094879634
16	0.06267106525604257
17	0.0026965157275482543
18	0.10226372588161299
19	0.0
20	0.009538976688580367
21	0.0
22	0.0
23	0.0
24	0.0
25	0.004423791182297654
26	0.0
27	0.0
28	0.0
29	0.0
30	0.014810310338487297
k 	 Standard Deviations of Regrets 
1	0.0
2	0.0
3	0.041025641025641116
4	0.13634248777944954
5	0.4100304866714181
6	0.18308063392537874
7	0.28328015125278005
8	0.4988043148570692
9	0.5842497732148842
10	0.5477819469123989
11	0.5951567803949265
12	0.4409548761387743
13	0.4171698625755664
14	0.47886917987178507
15	0.4027278982468169
16	0.39475730941090037
17	0.272563569883134
18	0.44499965321112867
19	0.0
20	0.10000000000000005
21	0.0
22	0.12360995685327125
23	0.06132687548367401
24	3.33066907387547E-17
25	0.08877787281763125
26	0.10736178753242621
27	0.10817960569091786
28	3.33066907387547E-17
29	0.0
30	0.12360995685327127
k 	 Standard Deviations of Average Losses 
1	0.0
2	0.0
3	0.041025641025641116
4	0.13634248777944954
5	0.4100304866714181
6	0.18308063392537874
7	0.28328015125278005
8	0.4988043148570692
9	0.5842497732148842
10	0.5477819469123989
11	0.5951567803949265
12	0.4409548761387743
13	0.4171698625755664
14	0.47886917987178507
15	0.4027278982468169
16	0.39475730941090037
17	0.272563569883134
18	0.44499965321112867
19	0.0
20	0.10000000000000005
21	0.0
22	0.12360995685327125
23	0.06132687548367401
24	3.33066907387547E-17
25	0.08877787281763125
26	0.10736178753242621
27	0.10817960569091786
28	3.33066907387547E-17
29	0.0
30	0.12360995685327127
Duration 577.16700 seconds 
Questions to the voters: 3666 Question to the committee: 590