Minimax Strategy with weighted average aggregation operator
5 Voters 4 Alternatives 
30 Questions for10 runs 
Mean of Regret reduced by half in 9 questions 
Mean of Regret reduced by four in 15 questions 
Mean of Regret reduced by eight in 17 questions 
Mean of Average Loss reduced by half in 5 questions 
Mean of Average Loss reduced by four in 7 questions 
Mean of Average Loss reduced by eight in 11 questions 
k 	 Mean of Regrets 
0 	5.0
1	5.0
2	5.0
3	4.2
4	3.65
5	3.333333333333333
6	2.666666666666666
7	2.7666666666666666
8	2.543333333333333
9	2.05
10	2.033333333333333
11	1.3333333333333333
12	1.5999999999999999
13	1.7
14	1.4089743589743589
15	0.8880952380952379
16	0.7
17	0.6050000000000001
18	0.4333333333333333
19	0.5379411764705881
20	0.06666666666666665
21	0.5406122448979592
22	0.12333333333333334
23	0.09333333333333337
24	0.009999999999999997
25	0.06666666666666671
26	0.05412384716732541
27	0.02735042735042735
28	0.07619047619047614
29	0.030612244897959218
30	4.9E-324
k 	 Mean of Average Losses 
0 	0.8126979521131559
1	0.8126979521131559
2	1.2181538580880582
3	0.5595241706368249
4	0.7228512897276005
5	0.3116383126870667
6	0.2753837132466803
7	0.1322555065057136
8	0.12974002416613756
9	0.2129399891295623
10	0.2354805318181395
11	0.07022050057011248
12	0.03965585561158345
13	0.4017322387536164
14	0.5378900597641934
15	0.1539371465814483
16	0.04498901007293433
17	0.06789678811474187
18	0.027071903200567606
19	0.0681770614552872
20	0.0
21	0.1494840175660353
22	0.0
23	0.0
24	0.0
25	0.0011250984658552677
26	0.011526970951548376
27	0.0
28	2.220446049250313E-17
29	2.2204460492503135E-17
30	0.0
k 	 Standard Deviations of Regrets 
1	0.0
2	0.0
3	0.39999999999999997
4	0.05000000000000015
5	0.33333333333333326
6	0.5374838498865698
7	0.5925462944877059
8	0.6404946005497106
9	0.5377421934967226
10	0.5666666666666667
11	0.8563488385776752
12	0.9637888196533972
13	0.6741249472052228
14	0.9971103878584754
15	0.731928927320492
16	0.5666666666666667
17	0.5204725417028901
18	0.4955356249106168
19	0.7534332606148284
20	0.19999999999999996
21	0.5889261293568435
22	0.17000000000000004
23	0.19595917942265428
24	0.029999999999999992
25	0.1333333333333334
26	0.10749678289578146
27	0.08205128205128202
28	0.12054298919845131
29	0.09183673469387765
30	0.0
k 	 Standard Deviations of Average Losses 
1	0.0
2	0.0
3	0.39999999999999997
4	0.05000000000000015
5	0.33333333333333326
6	0.5374838498865698
7	0.5925462944877059
8	0.6404946005497106
9	0.5377421934967226
10	0.5666666666666667
11	0.8563488385776752
12	0.9637888196533972
13	0.6741249472052228
14	0.9971103878584754
15	0.731928927320492
16	0.5666666666666667
17	0.5204725417028901
18	0.4955356249106168
19	0.7534332606148284
20	0.19999999999999996
21	0.5889261293568435
22	0.17000000000000004
23	0.19595917942265428
24	0.029999999999999992
25	0.1333333333333334
26	0.10749678289578146
27	0.08205128205128202
28	0.12054298919845131
29	0.09183673469387765
30	0.0
Duration 474,48600 seconds