Random Strategy
5 Voters 4 Alternatives 
30 Questions for10 runs 
Mean of Regret reduced by half in 21 questions 
Mean of Regret reduced by four in -1 questions 
Mean of Regret reduced by eight in -1 questions 
Mean of Average Loss reduced by half in 6 questions 
Mean of Average Loss reduced by four in 20 questions 
Mean of Average Loss reduced by eight in 25 questions 
k 	 Mean of Regrets 
0 	5.0
1	5.0
2	5.0
3	4.984615384615385
4	4.95
5	4.876282051282051
6	4.562849927849928
7	4.437231102231102
8	4.2744322344322345
9	4.283328555502469
10	3.934949996240319
11	4.184414335183861
12	3.8029653874514278
13	3.3997415781390643
14	3.3247948495852455
15	3.19436699129255
16	3.3413505595620587
17	2.743477977254718
18	3.2785501586542853
19	2.870197243302952
20	2.697849722942608
21	2.4456862447787246
22	2.225126472329177
23	2.3726507670405077
24	2.300440040779688
25	1.8522815652486968
26	1.7866393407403647
27	1.4904597820982466
28	2.104885474554189
29	2.200860366641325
30	1.6573612017470645
k 	 Mean of Average Losses 
0 	0.9331215534639686
1	0.9331215534639686
2	1.2247664046453384
3	0.9862211891470547
4	0.9279001790494099
5	0.8056941379029173
6	0.3624669388746016
7	0.7556328508673305
8	0.6967100083478073
9	0.5419067234958006
10	0.4001369938728312
11	0.7501199029356557
12	0.44312118222490604
13	0.3537714645043635
14	0.5368171213887295
15	0.4043007756580435
16	0.7571104840017415
17	0.4969720509162311
18	0.594916378781028
19	0.2902676321954072
20	0.19134596495184944
21	0.12420215972639809
22	0.5181206400973255
23	0.3998796924514268
24	0.2369071030653768
25	0.048992674330719806
26	0.3639256765272478
27	0.3305254679210612
28	0.14819309635698671
29	0.4420061713522203
30	0.19609330298597988
k 	 Standard Deviations of Regrets 
1	0.0
2	0.0
3	0.03076923076923066
4	0.1499999999999999
5	0.2332848991715056
6	0.47258483465700585
7	0.4272953180950841
8	0.39958802866853765
9	0.49813177944983716
10	0.5611846831940664
11	0.5757950411635333
12	0.6079709420691806
13	0.5135220092029781
14	0.5933172648173318
15	0.5143582284769468
16	0.4800015000215196
17	1.1884976443460782
18	0.5300646175694435
19	0.4728473502303407
20	1.0501125350592253
21	0.8934074249076758
22	1.0666495944939618
23	0.8670614482092488
24	0.7200819980757049
25	0.821835611223533
26	0.883049052984693
27	0.9445384506612415
28	0.7564206780299937
29	0.5532143281407106
30	1.1664828546939425
k 	 Standard Deviations of Average Losses 
1	0.0
2	0.0
3	0.03076923076923066
4	0.1499999999999999
5	0.2332848991715056
6	0.47258483465700585
7	0.4272953180950841
8	0.39958802866853765
9	0.49813177944983716
10	0.5611846831940664
11	0.5757950411635333
12	0.6079709420691806
13	0.5135220092029781
14	0.5933172648173318
15	0.5143582284769468
16	0.4800015000215196
17	1.1884976443460782
18	0.5300646175694435
19	0.4728473502303407
20	1.0501125350592253
21	0.8934074249076758
22	1.0666495944939618
23	0.8670614482092488
24	0.7200819980757049
25	0.821835611223533
26	0.883049052984693
27	0.9445384506612415
28	0.7564206780299937
29	0.5532143281407106
30	1.1664828546939425
Duration 1,18500 seconds