Two Phases Strategy
5 Voters 4 Alternatives 
30 Questions for 10 runs 
Mean of Regret reduced by half in 10 questions 
Mean of Regret reduced by four in 14 questions 
Mean of Regret reduced by eight in 17 questions 
Mean of Average Loss reduced by half in 5 questions 
Mean of Average Loss reduced by four in 10 questions 
Mean of Average Loss reduced by eight in 13 questions 
k 	 Mean of Regrets 
0 	5.0
1	5.0
2	5.0
3	4.938461538461539
4	4.7711538461538465
5	3.680952380952381
6	3.4233333333333333
7	3.273333333333333
8	3.0395238095238097
9	2.7205128205128206
10	2.2343589743589742
11	2.1984615384615385
12	1.6843589743589746
13	1.8374358974358977
14	1.138095238095238
15	1.2719780219780221
16	1.230970695970696
17	0.5466666666666666
18	0.7835164835164835
19	0.22115384615384623
20	0.42710622710622714
21	0.4551282051282051
22	0.2666666666666668
23	0.13589743589743594
24	0.041025641025641074
25	0.028571428571428612
26	0.08205128205128209
27	0.22820512820512823
28	0.033333333333333354
29	4.9E-324
30	0.14908424908424917
k 	 Mean of Average Losses 
0 	1.1301900414370265
1	1.1301900414370265
2	1.0143728718119294
3	0.583564408669584
4	0.6751080291646536
5	0.28347950268429367
6	0.2997120031102719
7	0.5073134678571753
8	0.4278003980820203
9	0.4150846561925128
10	0.179831826630715
11	0.4347202441353972
12	0.26544988580021683
13	0.14101557379136287
14	0.15474848477652617
15	0.0879359054575391
16	0.3025442608480008
17	0.05076597818289193
18	0.14834231631456038
19	0.03953650936331519
20	0.17797480077354824
21	0.02265431509639622
22	0.08859420216714194
23	0.0
24	0.0
25	0.0
26	0.0
27	0.0280430750328978
28	0.0
29	0.0
30	0.017811541234857266
k 	 Standard Deviations of Regrets 
1	0.0
2	0.0
3	0.030769230769230674
4	0.11711838445065453
5	0.11278780268882857
6	0.22960530068861315
7	0.2849529539082603
8	0.5841832486704928
9	0.2868794219900432
10	0.5431205038081371
11	0.5549658671855052
12	0.7373820903304065
13	0.5774097092936591
14	0.721641489875199
15	0.5577247865819903
16	0.7063157045579733
17	0.4578209256903839
18	0.7437100896856933
19	0.29016944538466743
20	0.5645357739057121
21	0.759668125400498
22	0.31126980079810007
23	0.2273391810083884
24	0.10009857074842639
25	0.08571428571428581
26	0.2001971414968527
27	0.2929031272384918
28	0.10000000000000005
29	0.0
30	0.1515000779260997
k 	 Standard Deviations of Average Losses 
1	0.0
2	0.0
3	0.030769230769230674
4	0.11711838445065453
5	0.11278780268882857
6	0.22960530068861315
7	0.2849529539082603
8	0.5841832486704928
9	0.2868794219900432
10	0.5431205038081371
11	0.5549658671855052
12	0.7373820903304065
13	0.5774097092936591
14	0.721641489875199
15	0.5577247865819903
16	0.7063157045579733
17	0.4578209256903839
18	0.7437100896856933
19	0.29016944538466743
20	0.5645357739057121
21	0.759668125400498
22	0.31126980079810007
23	0.2273391810083884
24	0.10009857074842639
25	0.08571428571428581
26	0.2001971414968527
27	0.2929031272384918
28	0.10000000000000005
29	0.0
30	0.1515000779260997
Duration 831.53400 seconds 
Questions to the voters: 3966 Question to the committee: 590