Minimax Strategy with weighted average aggregation operator
6 Voters 4 Alternatives 
30 Questions for10 runs 
Mean of Regret reduced by half in 12 questions 
Mean of Regret reduced by four in 17 questions 
Mean of Regret reduced by eight in 20 questions 
Mean of Average Loss reduced by half in 10 questions 
Mean of Average Loss reduced by four in 16 questions 
Mean of Average Loss reduced by eight in 17 questions 
k 	 Mean of Regrets 
0 	6.0
1	6.0
2	6.0
3	5.0
4	4.65
5	4.383333333333334
6	4.266666666666667
7	3.9499999999999997
8	3.716666666666667
9	3.8000000000000003
10	3.3788780600997796
11	3.283333333333333
12	2.8151515151515154
13	2.323529411764706
14	1.8057932263814618
15	1.5146167557932262
16	1.5065656565656564
17	1.3545454545454543
18	1.3401343754284931
19	1.2211881767632426
20	0.6326388888888889
21	0.8152777777777777
22	0.35735054026553936
23	0.5379237356211042
24	0.34194872330591913
25	0.08333333333333334
26	0.08721804511278199
27	0.14893986426218156
28	0.257486111626641
29	0.033333333333333326
30	0.009215017064846454
k 	 Mean of Average Losses 
0 	1.0022101668080008
1	1.0022101668080008
2	1.0289064802500811
3	1.3497774824002844
4	0.8267271946873127
5	0.5715962703037346
6	0.9626446065470647
7	0.639673455223097
8	0.9370918725625951
9	0.7995192700929413
10	0.43438866517228747
11	0.8414515460591403
12	0.59114012766036
13	0.3121875821325134
14	0.27961899280916674
15	0.30933891308201694
16	0.1827068952640527
17	0.021043176355615964
18	0.3775696220828994
19	0.20118602171065597
20	0.02482059909438132
21	0.14000998233236056
22	0.0
23	0.015459474821082344
24	0.03263214229774092
25	0.0
26	0.0
27	0.0
28	0.0
29	0.0
30	0.0
k 	 Standard Deviations of Regrets 
1	0.0
2	0.0
3	0.0
4	0.05000000000000007
5	0.2587362449376671
6	0.32659863237109055
7	0.6011562932290477
8	0.4597704741377906
9	0.6315765107165472
10	0.6416713443229424
11	0.6499999999999999
12	0.8043100151999628
13	0.7537296729189609
14	0.5382843491242084
15	0.8220036061599008
16	0.5361916918939307
17	0.9654405248954345
18	0.7009306873268238
19	0.766672385413747
20	0.8052229318067187
21	0.9622113564308229
22	0.22558629088179785
23	0.5830412665084127
24	0.31177419577465953
25	0.17078251276599332
26	0.15520969584925284
27	0.15121608492014757
28	0.5531591325091214
29	0.09999999999999998
30	0.027645051194539364
k 	 Standard Deviations of Average Losses 
1	0.0
2	0.0
3	0.0
4	0.05000000000000007
5	0.2587362449376671
6	0.32659863237109055
7	0.6011562932290477
8	0.4597704741377906
9	0.6315765107165472
10	0.6416713443229424
11	0.6499999999999999
12	0.8043100151999628
13	0.7537296729189609
14	0.5382843491242084
15	0.8220036061599008
16	0.5361916918939307
17	0.9654405248954345
18	0.7009306873268238
19	0.766672385413747
20	0.8052229318067187
21	0.9622113564308229
22	0.22558629088179785
23	0.5830412665084127
24	0.31177419577465953
25	0.17078251276599332
26	0.15520969584925284
27	0.15121608492014757
28	0.5531591325091214
29	0.09999999999999998
30	0.027645051194539364
Duration 745,66600 seconds