Random Strategy
6 Voters 4 Alternatives 
30 Questions for 10 runs 
Mean of Regret reduced by half in 26 questions 
Mean of Regret reduced by four in -1 questions 
Mean of Regret reduced by eight in -1 questions 
Mean of Average Loss reduced by half in 7 questions 
Mean of Average Loss reduced by four in 15 questions 
Mean of Average Loss reduced by eight in -1 questions 
k 	 Mean of Regrets 
0 	6.0
1	6.0
2	6.0
3	5.960696517412936
4	5.929927286643705
5	5.948325923974942
6	5.846351049004639
7	5.533968670804465
8	5.027333820931622
9	5.40470515442079
10	4.943231347963058
11	4.785414092439451
12	4.77510045404205
13	4.928977279384203
14	4.958562751500021
15	4.2332462957962935
16	4.299239990683441
17	4.188169524410937
18	4.023548858416576
19	3.956466486421155
20	3.693145240225692
21	3.618909723192088
22	3.616381406842875
23	3.4529428583005917
24	3.0469394183308482
25	3.28040781260779
26	2.6848710316879094
27	2.8540657156065117
28	2.8632332623862986
29	2.587197778886402
30	2.6935398345865513
k 	 Mean of Average Losses 
0 	1.1333902289891389
1	1.1333902289891389
2	1.1414978933405457
3	1.366348607373381
4	0.921964202347656
5	1.2876052188147185
6	1.1154011692149421
7	0.5580887375239045
8	0.9126622395855839
9	1.14214983560435
10	0.7217986722012198
11	0.7080277865098525
12	0.9547267515618499
13	0.3355077976385763
14	0.323496295399979
15	0.25640166996458047
16	0.7205005834514194
17	0.49729112016633004
18	0.15410766491892036
19	0.45533455217576063
20	0.1473012261035211
21	0.39561959110988193
22	0.6834829395712613
23	0.654128242241471
24	0.5492334142818092
25	0.5694058546031919
26	0.7081657266907786
27	0.37864681148272145
28	0.497175105507733
29	0.6583391878195219
30	0.8349334697325056
k 	 Standard Deviations of Regrets 
1	0.0
2	0.0
3	0.09961312257307106
4	0.12658913222080936
5	0.045253036356319734
6	0.19739513373463563
7	0.3893355673421882
8	0.45009287227806427
9	0.4230455744780431
10	0.6546240306487677
11	0.5776477683069792
12	0.6329617281553255
13	0.5495392348280226
14	0.5691148653467963
15	0.48741793561898594
16	0.4374095785956677
17	0.7910188239071146
18	0.727599083435477
19	0.6782349362933048
20	0.6819372327332942
21	0.44006614467094296
22	0.6311537092916637
23	0.9718533481144465
24	1.034623050664394
25	0.939989166914047
26	0.9758811528977436
27	0.7460694326998397
28	0.7545550410898012
29	0.8986851546113972
30	0.7856472110094886
k 	 Standard Deviations of Average Losses 
1	0.0
2	0.0
3	0.09961312257307106
4	0.12658913222080936
5	0.045253036356319734
6	0.19739513373463563
7	0.3893355673421882
8	0.45009287227806427
9	0.4230455744780431
10	0.6546240306487677
11	0.5776477683069792
12	0.6329617281553255
13	0.5495392348280226
14	0.5691148653467963
15	0.48741793561898594
16	0.4374095785956677
17	0.7910188239071146
18	0.727599083435477
19	0.6782349362933048
20	0.6819372327332942
21	0.44006614467094296
22	0.6311537092916637
23	0.9718533481144465
24	1.034623050664394
25	0.939989166914047
26	0.9758811528977436
27	0.7460694326998397
28	0.7545550410898012
29	0.8986851546113972
30	0.7856472110094886
Duration 1.37600 seconds 
Questions to the voters: 2289 Question to the committee: 2361