Two Phases Strategy
6 Voters 4 Alternatives 
30 Questions for10 runs 
Mean of Regret reduced by half in 16 questions 
Mean of Regret reduced by four in 24 questions 
Mean of Regret reduced by eight in 26 questions 
Mean of Average Loss reduced by half in 8 questions 
Mean of Average Loss reduced by four in 9 questions 
Mean of Average Loss reduced by eight in 24 questions 
k 	 Mean of Regrets 
0 	6.0
1	6.0
2	6.0
3	5.952238805970149
4	5.9582089552238795
5	5.8104477611940295
6	5.286194029850746
7	5.19794776119403
8	5.248973880597014
9	4.595335820895522
10	4.598497097844112
11	4.172885572139304
12	3.7394278606965177
13	3.7974606135986733
14	3.3495618498417006
15	3.5692870872908182
16	2.6531075682195078
17	2.361660447761194
18	2.367661691542288
19	2.408198590381426
20	2.657274234886175
21	1.8786795190713097
22	1.6387748756218905
23	1.603074589175335
24	1.0453631463892656
25	1.1027777777777779
26	0.3526430348258706
27	0.7370128524046431
28	0.17499999999999993
29	0.4767412935323382
30	0.06666666666666662
k 	 Mean of Average Losses 
0 	1.0702285006452241
1	1.0702285006452241
2	1.0921400280697195
3	1.0879220397379818
4	1.0074413917236422
5	0.6430125298786885
6	0.5377062592593603
7	0.6874306482228217
8	0.5020459559586108
9	0.2413157695499408
10	0.22580686417004556
11	0.43796377218910437
12	0.13772345071422457
13	0.45200314023507243
14	0.3580598942240356
15	0.24500077776201132
16	0.28081233259458327
17	0.3618743158189118
18	0.24892756293107274
19	0.18520549017715665
20	0.20466988698584848
21	0.1849646408658299
22	0.2001498923673983
23	0.17046562515182026
24	0.05529386918233588
25	0.007987980427246511
26	0.0
27	0.024387402640348377
28	0.0
29	0.05735399274243238
30	0.039888118257963345
k 	 Standard Deviations of Regrets 
1	0.0
2	0.0
3	0.023880597014925196
4	0.04662835627406969
5	0.28397851317598816
6	0.3231380984578935
7	0.41740391077122263
8	0.27850905052758007
9	0.66625963339126
10	0.6887786900754919
11	0.7493330532892983
12	0.385430106442855
13	0.7043847072081293
14	0.541739567313492
15	0.5866574734266492
16	0.8877359838075947
17	0.3969011600416
18	0.6036220220931333
19	1.003450487881634
20	0.35952500178547764
21	0.961371227611635
22	0.9287812501906073
23	0.6622670190170479
24	0.8288684229320075
25	0.709814627600443
26	0.46563037910955246
27	0.5988568066458212
28	0.24281337140555773
29	0.4280534979014499
30	0.19999999999999987
k 	 Standard Deviations of Average Losses 
1	0.0
2	0.0
3	0.023880597014925196
4	0.04662835627406969
5	0.28397851317598816
6	0.3231380984578935
7	0.41740391077122263
8	0.27850905052758007
9	0.66625963339126
10	0.6887786900754919
11	0.7493330532892983
12	0.385430106442855
13	0.7043847072081293
14	0.541739567313492
15	0.5866574734266492
16	0.8877359838075947
17	0.3969011600416
18	0.6036220220931333
19	1.003450487881634
20	0.35952500178547764
21	0.961371227611635
22	0.9287812501906073
23	0.6622670190170479
24	0.8288684229320075
25	0.709814627600443
26	0.46563037910955246
27	0.5988568066458212
28	0.24281337140555773
29	0.4280534979014499
30	0.19999999999999987
Duration 1064.64400 seconds