Random Strategy
3 Voters 5 Alternatives 
30 Questions for 10 runs 
Mean of Regret reduced by half in 19 questions 
Mean of Regret reduced by four in 30 questions 
Mean of Regret reduced by eight in -1 questions 
Mean of Average Loss reduced by half in 12 questions 
Mean of Average Loss reduced by four in 14 questions 
Mean of Average Loss reduced by eight in 23 questions 
k 	 Mean of Regrets 
0 	3.0
1	3.0
2	3.0
3	3.0
4	3.0
5	2.994594594594595
6	2.94
7	2.9026315789473687
8	2.777030074216775
9	2.7555050505050502
10	2.45946331724179
11	2.536800994581315
12	2.164307539164288
13	2.455269009411453
14	1.9186827296848887
15	1.7473538649942144
16	1.6933694202216316
17	1.640945885823034
18	1.9228489032780427
19	1.4960679903545746
20	1.9093631109257916
21	1.5419846991784119
22	1.0949104979279392
23	1.076459624715245
24	1.1840126548077126
25	1.1552020500830298
26	0.9998769564652314
27	1.216981352361055
28	0.9383824077385635
29	1.2327824511995642
30	0.6046157727497793
k 	 Mean of Average Losses 
0 	1.1036036188599434
1	1.1036036188599434
2	0.8330390188322013
3	0.8866841867023545
4	1.0422555141145025
5	0.663436664602916
6	0.8555745975556743
7	0.7714227758825627
8	0.5912916439432491
9	0.6849675836868064
10	0.5524215276205875
11	0.6313816227635808
12	0.399377809377365
13	0.51219737914839
14	0.21269830611784918
15	0.29564812506146615
16	0.2787673637875629
17	0.3654045376505981
18	0.545773956041836
19	0.21432121907847573
20	0.2694687204291959
21	0.2751288937426626
22	0.2526453009432632
23	0.11563563477854173
24	0.5026737891975033
25	0.2471053064507599
26	0.1890824996360017
27	0.28652089690878524
28	0.1324898237046731
29	0.2543673697740611
30	0.03990998239692325
k 	 Standard Deviations of Regrets 
1	0.0
2	0.0
3	0.0
4	0.0
5	0.01621621621621613
6	0.17999999999999997
7	0.19482572651452215
8	0.1821477173639008
9	0.24816811237299544
10	0.6322271179882099
11	0.40480397482192665
12	0.5919908915534748
13	0.441905232436322
14	0.44077436876292225
15	0.3886843418877669
16	0.416771730353254
17	0.44120942463644325
18	0.4558757036060266
19	0.48932380711441364
20	0.4667269573950036
21	0.7947985716859334
22	0.3435207119936272
23	0.424717116045993
24	0.8332762830275884
25	0.645752115830787
26	0.5553002995939735
27	0.6628891023011348
28	0.6404176291007493
29	0.6462427646185981
30	0.7036294425938795
k 	 Standard Deviations of Average Losses 
1	0.0
2	0.0
3	0.0
4	0.0
5	0.01621621621621613
6	0.17999999999999997
7	0.19482572651452215
8	0.1821477173639008
9	0.24816811237299544
10	0.6322271179882099
11	0.40480397482192665
12	0.5919908915534748
13	0.441905232436322
14	0.44077436876292225
15	0.3886843418877669
16	0.416771730353254
17	0.44120942463644325
18	0.4558757036060266
19	0.48932380711441364
20	0.4667269573950036
21	0.7947985716859334
22	0.3435207119936272
23	0.424717116045993
24	0.8332762830275884
25	0.645752115830787
26	0.5553002995939735
27	0.6628891023011348
28	0.6404176291007493
29	0.6462427646185981
30	0.7036294425938795
Duration 5.06000 seconds 
Questions to the voters: 2361 Question to the committee: 2289