Two Phases Strategy
3 Voters 5 Alternatives 
30 Questions for10 runs 
Mean of Regret reduced by half in 15 questions 
Mean of Regret reduced by four in 17 questions 
Mean of Regret reduced by eight in 21 questions 
Mean of Average Loss reduced by half in 8 questions 
Mean of Average Loss reduced by four in 16 questions 
Mean of Average Loss reduced by eight in 20 questions 
k 	 Mean of Regrets 
0 	3.0
1	3.0
2	3.0
3	3.0
4	2.9866666666666664
5	2.966666666666667
6	2.953333333333333
7	2.709393939393939
8	2.545108225108225
9	2.328181818181818
10	2.030551948051948
11	2.126796536796537
12	1.7943650793650792
13	1.85017316017316
14	1.754155844155844
15	1.3866269841269843
16	1.2154761904761904
17	0.6462121212121212
18	1.1885714285714286
19	0.37587301587301586
20	0.5595238095238096
21	0.3702380952380952
22	0.31802308802308793
23	0.1755555555555555
24	0.17333333333333337
25	0.10666666666666669
26	0.019999999999999993
27	1.9428902930940238E-17
28	0.024999999999999988
29	0.014285714285714313
30	4.9E-324
k 	 Mean of Average Losses 
0 	0.7586503363297109
1	0.7586503363297109
2	0.8690554834430153
3	0.7756320762166097
4	0.9891048909376651
5	0.7045312206882542
6	0.638236979827471
7	0.543013356594754
8	0.3777308793526517
9	0.27583561845964166
10	0.3403763587883135
11	0.3710086518803392
12	0.2262435353380336
13	0.5480167062001624
14	0.26367160585522215
15	0.2233654653769861
16	0.1765770893025699
17	0.17163033401487043
18	0.15369459345772674
19	0.11926251708908678
20	0.04611240733565217
21	0.07905811286043549
22	0.028110289628512076
23	0.024090085425125453
24	0.07255745377290986
25	0.051463240957159526
26	0.0
27	0.0
28	0.0018925095231573153
29	0.0
30	0.0
k 	 Standard Deviations of Regrets 
1	0.0
2	0.0
3	0.0
4	0.02666666666666653
5	0.03333333333333322
6	0.05999999999999999
7	0.26286005522287403
8	0.28083808266085664
9	0.3564699130334446
10	0.3873424311377816
11	0.3227163092141908
12	0.6924613362433947
13	0.6632647912258901
14	0.6840931044082815
15	0.4865534446853166
16	0.49499908380775964
17	0.5983798335177231
18	0.529112550127993
19	0.48733250509435744
20	0.5457036897500354
21	0.3489720083116038
22	0.3522387180104154
23	0.37953187539974076
24	0.31155523854794454
25	0.21123972690339812
26	0.059999999999999984
27	5.828670879282072E-17
28	0.07499999999999997
29	0.042857142857142906
30	0.0
k 	 Standard Deviations of Average Losses 
1	0.0
2	0.0
3	0.0
4	0.02666666666666653
5	0.03333333333333322
6	0.05999999999999999
7	0.26286005522287403
8	0.28083808266085664
9	0.3564699130334446
10	0.3873424311377816
11	0.3227163092141908
12	0.6924613362433947
13	0.6632647912258901
14	0.6840931044082815
15	0.4865534446853166
16	0.49499908380775964
17	0.5983798335177231
18	0.529112550127993
19	0.48733250509435744
20	0.5457036897500354
21	0.3489720083116038
22	0.3522387180104154
23	0.37953187539974076
24	0.31155523854794454
25	0.21123972690339812
26	0.059999999999999984
27	5.828670879282072E-17
28	0.07499999999999997
29	0.042857142857142906
30	0.0
Duration 1459.85400 seconds