Minimax Strategy with weighted average aggregation operator
3 Voters 5 Alternatives 
30 Questions for10 runs 
Mean of Regret reduced by half in 8 questions 
Mean of Regret reduced by four in 11 questions 
Mean of Regret reduced by eight in 13 questions 
Mean of Average Loss reduced by half in 5 questions 
Mean of Average Loss reduced by four in 7 questions 
Mean of Average Loss reduced by eight in 11 questions 
k 	 Mean of Regrets 
0 	3.0
1	3.0
2	3.0
3	3.0
4	2.35
5	1.9166666666666667
6	1.7600000000000002
7	1.6499999999999997
8	1.3316666666666666
9	1.3050000000000002
10	1.1333333333333333
11	0.6083333333333334
12	0.9800000000000001
13	0.3249999999999999
14	0.485
15	0.2944444444444444
16	0.3249099099099099
17	0.1319047619047619
18	0.2500293744196183
19	0.10396825396825395
20	0.23839230015150165
21	0.008648373120380559
22	0.05635531135531132
23	0.3658522089268767
24	0.07484104173531202
25	0.10636301199610296
26	0.037931034482758565
27	0.1774764803541782
28	0.15066225165562913
29	0.027851851851851794
30	4.9E-324
k 	 Mean of Average Losses 
0 	0.8462706768408063
1	0.8462706768408063
2	0.8154313653281331
3	0.983432396782189
4	0.48673866904242236
5	0.40950869437228965
6	0.3220674389485864
7	0.20625553819460282
8	0.26887881167416733
9	0.2832732477796803
10	0.28715134417651933
11	0.05653627521966296
12	0.19838073657238112
13	0.045908614503188
14	0.13166635859139492
15	0.038888104333344886
16	0.08613427867799828
17	0.03753864016283872
18	0.016457954743221724
19	0.04978910914313921
20	0.03330507880970959
21	0.0
22	0.0012334911706354033
23	0.1566130326210313
24	0.0014785732060419222
25	0.038008150852085934
26	0.0
27	0.08128292511604474
28	0.09196205164034092
29	0.0
30	0.0
k 	 Standard Deviations of Regrets 
1	0.0
2	0.0
3	0.0
4	0.45000000000000007
5	0.3763863263545405
6	0.09165151389911676
7	0.28087165910587863
8	0.2983705749567138
9	0.4384347157787577
10	0.4521553322083512
11	0.45038563722905534
12	0.43714985988788785
13	0.4540710908608426
14	0.5439796769079603
15	0.2968975381308308
16	0.4411411945471649
17	0.17571428571428568
18	0.2615508478128491
19	0.17346127320845714
20	0.48734428737976915
21	0.022051059162054642
22	0.09145222710140269
23	0.5128201485538402
24	0.1341365296495748
25	0.20665884509996424
26	0.1137931034482757
27	0.4870406761563146
28	0.4519867549668874
29	0.08355555555555537
30	0.0
k 	 Standard Deviations of Average Losses 
1	0.0
2	0.0
3	0.0
4	0.45000000000000007
5	0.3763863263545405
6	0.09165151389911676
7	0.28087165910587863
8	0.2983705749567138
9	0.4384347157787577
10	0.4521553322083512
11	0.45038563722905534
12	0.43714985988788785
13	0.4540710908608426
14	0.5439796769079603
15	0.2968975381308308
16	0.4411411945471649
17	0.17571428571428568
18	0.2615508478128491
19	0.17346127320845714
20	0.48734428737976915
21	0.022051059162054642
22	0.09145222710140269
23	0.5128201485538402
24	0.1341365296495748
25	0.20665884509996424
26	0.1137931034482757
27	0.4870406761563146
28	0.4519867549668874
29	0.08355555555555537
30	0.0
Duration 1161,93500 seconds