Minimax Strategy with weighted average aggregation operator
4 Voters 5 Alternatives 
30 Questions for10 runs 
Mean of Regret reduced by half in 13 questions 
Mean of Regret reduced by four in 21 questions 
Mean of Regret reduced by eight in 25 questions 
Mean of Average Loss reduced by half in 7 questions 
Mean of Average Loss reduced by four in 9 questions 
Mean of Average Loss reduced by eight in 16 questions 
k 	 Mean of Regrets 
0 	4.0
1	4.0
2	4.0
3	4.0
4	3.9842364532019703
5	3.9105216622458
6	3.7027156751294683
7	2.8501017798423716
8	2.847500215313065
9	2.7254362245395187
10	2.7145705729426886
11	2.6914704087702024
12	2.3259660307413026
13	1.9465888450787285
14	1.9534489626445686
15	2.2704912795555665
16	1.2732482408360322
17	1.3582044489066345
18	1.4792698142584926
19	1.3602438517683364
20	1.2385432458019094
21	0.827576503538
22	0.7135452403128786
23	0.7512859775366858
24	0.8319094670142607
25	0.4993842959633582
26	0.48753047394783916
27	0.8525848563021667
28	0.5258559472778702
29	0.2533069434599966
30	0.38671001212139616
k 	 Mean of Average Losses 
0 	0.9147531751778728
1	0.9147531751778728
2	0.8577279705747252
3	1.018780761116211
4	1.1300533578678746
5	0.48319480556723043
6	0.9807039368056385
7	0.31465823604508536
8	0.47957100409073355
9	0.12734732552851027
10	0.3208193248551465
11	0.3405136711131419
12	0.48249778769221235
13	0.3147441562060506
14	0.18927555096897591
15	0.5836909151482814
16	0.06014229150599145
17	0.14189253984165018
18	0.3950950858823704
19	0.1648637438111878
20	0.3333601892016538
21	0.0548012127378902
22	0.19792044664474154
23	0.17919824650403726
24	0.2822725928247839
25	0.2009260372603549
26	0.15355532839267272
27	0.27936819031596166
28	0.26727243142495766
29	0.11047120165248306
30	0.11071068551770921
k 	 Standard Deviations of Regrets 
1	0.0
2	0.0
3	0.0
4	0.019306323095828002
5	0.06008320261473479
6	0.14907087956534276
7	0.3744128032332426
8	0.5121731234907303
9	0.6406001124038085
10	0.4452469854944109
11	0.45584032304946115
12	0.35743517752579884
13	0.6985130036311842
14	0.5718575036343767
15	0.5080593036716751
16	0.7160940128211044
17	0.5419562297054222
18	0.7303321088004356
19	0.6362086792106388
20	0.7056272995156739
21	0.5412867594762214
22	0.7562717921467492
23	0.5547997371429212
24	0.3972026131631488
25	0.7618478908444669
26	0.7664487174269291
27	0.914291780711152
28	0.9340874771354977
29	0.36055522675689883
30	0.42187100329854577
k 	 Standard Deviations of Average Losses 
1	0.0
2	0.0
3	0.0
4	0.019306323095828002
5	0.06008320261473479
6	0.14907087956534276
7	0.3744128032332426
8	0.5121731234907303
9	0.6406001124038085
10	0.4452469854944109
11	0.45584032304946115
12	0.35743517752579884
13	0.6985130036311842
14	0.5718575036343767
15	0.5080593036716751
16	0.7160940128211044
17	0.5419562297054222
18	0.7303321088004356
19	0.6362086792106388
20	0.7056272995156739
21	0.5412867594762214
22	0.7562717921467492
23	0.5547997371429212
24	0.3972026131631488
25	0.7618478908444669
26	0.7664487174269291
27	0.914291780711152
28	0.9340874771354977
29	0.36055522675689883
30	0.42187100329854577
Duration 2550,12300 seconds