Two Phases Strategy
4 Voters 5 Alternatives 
30 Questions for10 runs 
Mean of Regret reduced by half in 19 questions 
Mean of Regret reduced by four in 23 questions 
Mean of Regret reduced by eight in 27 questions 
Mean of Average Loss reduced by half in 7 questions 
Mean of Average Loss reduced by four in 11 questions 
Mean of Average Loss reduced by eight in 11 questions 
k 	 Mean of Regrets 
0 	4.0
1	4.0
2	4.0
3	4.0
4	3.9842364532019707
5	3.972413793103448
6	3.980295566502463
7	3.9013546798029557
8	3.7605692260325876
9	3.389757799671593
10	3.5135248910572185
11	3.1409251847290642
12	3.232716470208773
13	2.853781849278173
14	2.8080487890105976
15	2.368819955892091
16	2.0476972486607377
17	2.397259469105945
18	2.1255193589372086
19	1.3705639367816094
20	1.719323519303471
21	1.3122012200105504
22	1.5181853991596639
23	0.7691220238095238
24	0.9924367291022262
25	0.785298406799421
26	0.844325130582737
27	0.49740036906749624
28	0.6174745544769632
29	0.4360459374894018
30	0.3167560127499275
k 	 Mean of Average Losses 
0 	1.2968098633853684
1	1.2968098633853684
2	1.021059905244518
3	0.9336317026289473
4	1.0844294797817293
5	0.9821095744368575
6	0.7195121771212566
7	0.5332891112103267
8	0.44305621291245223
9	0.33902899534173747
10	0.49271956518694127
11	0.13515725912811527
12	0.6534851600154301
13	0.38835812645252255
14	0.38617056998368504
15	0.3658869408840084
16	0.08577930940272216
17	0.42570612528047747
18	0.46583598179561725
19	0.18978073848212304
20	0.1572911514050273
21	0.06027929129406999
22	0.17669034946095027
23	0.09501606628770443
24	0.19676174296947693
25	0.11579123192579241
26	0.016138324115285995
27	0.166740606043023
28	0.045271622280385525
29	0.07567316348152246
30	0.0
k 	 Standard Deviations of Regrets 
1	0.0
2	0.0
3	0.0
4	0.019306323095827964
5	0.018059411605737295
6	0.0197044334975369
7	0.14354439586012174
8	0.24760733473139426
9	0.42083370890022603
10	0.33241576283614593
11	0.3351353729056766
12	0.4672807418664029
13	0.5056036337715971
14	0.3669069231852309
15	0.30527416467369284
16	0.6329204806317352
17	0.5504710139723809
18	0.5266985408171997
19	0.6063268013227926
20	0.5097423870715032
21	0.4739550872869811
22	0.7483124676064575
23	0.6571552283344769
24	0.39049356751812875
25	0.4458332788675855
26	0.6468324002259016
27	0.37595225384584124
28	0.5625093146585539
29	0.3750148541724811
30	0.327767602023935
k 	 Standard Deviations of Average Losses 
1	0.0
2	0.0
3	0.0
4	0.019306323095827964
5	0.018059411605737295
6	0.0197044334975369
7	0.14354439586012174
8	0.24760733473139426
9	0.42083370890022603
10	0.33241576283614593
11	0.3351353729056766
12	0.4672807418664029
13	0.5056036337715971
14	0.3669069231852309
15	0.30527416467369284
16	0.6329204806317352
17	0.5504710139723809
18	0.5266985408171997
19	0.6063268013227926
20	0.5097423870715032
21	0.4739550872869811
22	0.7483124676064575
23	0.6571552283344769
24	0.39049356751812875
25	0.4458332788675855
26	0.6468324002259016
27	0.37595225384584124
28	0.5625093146585539
29	0.3750148541724811
30	0.327767602023935
Duration 2297.56400 seconds