Random Strategy
4 Voters 5 Alternatives 
30 Questions for10 runs 
Mean of Regret reduced by half in 28 questions 
Mean of Regret reduced by four in -1 questions 
Mean of Regret reduced by eight in -1 questions 
Mean of Average Loss reduced by half in 15 questions 
Mean of Average Loss reduced by four in 16 questions 
Mean of Average Loss reduced by eight in 30 questions 
k 	 Mean of Regrets 
0 	4.0
1	4.0
2	4.0
3	4.0
4	3.985802703044082
5	3.914285714285714
6	3.965754398436111
7	3.9935613682092557
8	3.728237721509266
9	3.8083116883116883
10	3.378992975019935
11	3.5447213015628942
12	3.757247478699961
13	3.2808510734455143
14	3.546537238403388
15	3.0513885286234763
16	2.8401868996531334
17	3.0371244984288435
18	3.1929368925357697
19	2.846683662238804
20	2.784010542626282
21	2.883921749857663
22	2.4000809907308387
23	2.4908287735461654
24	2.1869468624551747
25	2.008309785280744
26	2.255959835986268
27	2.309090443827167
28	1.5829650671725677
29	1.3237701288698915
30	1.670692870974757
k 	 Mean of Average Losses 
0 	0.8866397356440476
1	0.8866397356440476
2	0.9629663743883763
3	1.2566633537597651
4	0.936784423906648
5	1.0244730528378287
6	1.0294872813239613
7	1.043200411937542
8	0.8092199160060168
9	0.9587284258692687
10	0.5922126115058176
11	0.9358475333580188
12	0.4567444733157697
13	0.694760693131601
14	0.6353515555188005
15	0.35626890399264427
16	0.16530098954842737
17	0.47224534605366364
18	0.45016410235340715
19	0.4064876533235648
20	0.2030362749683956
21	0.7681908311781479
22	0.5141052486857332
23	0.3563924249608037
24	0.226239564174189
25	0.47902418778472766
26	0.24758347264142028
27	0.33904670297700307
28	0.12067550525438683
29	0.16710664616716442
30	0.06881881920431496
k 	 Standard Deviations of Regrets 
1	0.0
2	0.0
3	0.0
4	0.031712492056081176
5	0.17437936593905293
6	0.0878146775451999
7	0.019315895372233362
8	0.4083500270524156
9	0.27034615821560526
10	0.5288532598537496
11	0.5581227681788485
12	0.28872012485146015
13	0.5948778652817218
14	0.3934495383908872
15	0.40909591068815365
16	0.5419555525204042
17	0.564820560332958
18	0.4963178379954893
19	0.401441562743191
20	0.5445906407694768
21	0.5466807406255533
22	0.3675056600975457
23	0.4463354235466566
24	0.625152362916671
25	0.5307511460556125
26	0.48761634450273034
27	0.45879100366155495
28	0.6769701618349924
29	0.5592754959595407
30	0.48877223369460165
k 	 Standard Deviations of Average Losses 
1	0.0
2	0.0
3	0.0
4	0.031712492056081176
5	0.17437936593905293
6	0.0878146775451999
7	0.019315895372233362
8	0.4083500270524156
9	0.27034615821560526
10	0.5288532598537496
11	0.5581227681788485
12	0.28872012485146015
13	0.5948778652817218
14	0.3934495383908872
15	0.40909591068815365
16	0.5419555525204042
17	0.564820560332958
18	0.4963178379954893
19	0.401441562743191
20	0.5445906407694768
21	0.5466807406255533
22	0.3675056600975457
23	0.4463354235466566
24	0.625152362916671
25	0.5307511460556125
26	0.48761634450273034
27	0.45879100366155495
28	0.6769701618349924
29	0.5592754959595407
30	0.48877223369460165
Duration 2,02200 seconds