Two Phases Strategy
5 Voters 5 Alternatives 
30 Questions for10 runs 
Mean of Regret reduced by half in 16 questions 
Mean of Regret reduced by four in 22 questions 
Mean of Regret reduced by eight in 29 questions 
Mean of Average Loss reduced by half in 10 questions 
Mean of Average Loss reduced by four in 13 questions 
Mean of Average Loss reduced by eight in 22 questions 
k 	 Mean of Regrets 
0 	5.0
1	5.0
2	5.0
3	5.0
4	4.9875
5	4.934615384615385
6	4.741730769230769
7	3.805
8	3.7250000000000005
9	3.4909090909090903
10	3.5243939393939394
11	3.421623376623377
12	3.2354545454545454
13	2.7183333333333333
14	3.080606060606061
15	2.887813852813853
16	2.2933791208791208
17	2.3796649184149183
18	2.1361829836829838
19	1.8770238095238096
20	1.8739393939393938
21	1.636845238095238
22	1.2
23	1.0181060606060608
24	1.0191383616383616
25	1.2028571428571428
26	0.9958333333333333
27	0.6499999999999999
28	0.7496153846153847
29	0.165
30	0.5343269230769231
k 	 Mean of Average Losses 
0 	1.0562158425513837
1	1.0562158425513837
2	1.1572256877600158
3	0.8963435769616168
4	1.0206097410090995
5	0.8908265455392104
6	0.5941893915778277
7	0.9678567322065564
8	0.8244528385769435
9	0.5493370264162507
10	0.41090218026237924
11	0.6317832670138477
12	0.505018033198139
13	0.22299772722034092
14	0.5528437857203963
15	0.4218310711962958
16	0.5739793878004618
17	0.29884438502880534
18	0.2858934849581332
19	0.20111590348720018
20	0.47009854621045705
21	0.21702087791140914
22	0.06001730619011165
23	0.045100803428645884
24	0.13772216935288867
25	0.20755540530729688
26	0.40657423303458207
27	0.07512591607844739
28	0.16068615839479328
29	4.440892098500627E-17
30	0.05715215460835949
k 	 Standard Deviations of Regrets 
1	0.0
2	0.0
3	0.0
4	0.012500000000000178
5	0.04368391035230967
6	0.12923606330731224
7	0.23286262044390033
8	0.10226599304428302
9	0.2851304214012389
10	0.21427097876660253
11	0.24001427439700218
12	0.3247264865894768
13	0.5619844898254824
14	0.48069996025653444
15	0.6051317096868061
16	0.8460203580404679
17	0.7224716116438328
18	0.41819189812947205
19	0.48412820224931313
20	0.8742832693572795
21	0.7567834038370088
22	0.6681857692455162
23	0.6447408960216149
24	0.7807970293937014
25	0.9115931333749321
26	0.6946746840548218
27	0.6395310782127792
28	0.5420326634844285
29	0.27775888824662304
30	0.4073828764959693
k 	 Standard Deviations of Average Losses 
1	0.0
2	0.0
3	0.0
4	0.012500000000000178
5	0.04368391035230967
6	0.12923606330731224
7	0.23286262044390033
8	0.10226599304428302
9	0.2851304214012389
10	0.21427097876660253
11	0.24001427439700218
12	0.3247264865894768
13	0.5619844898254824
14	0.48069996025653444
15	0.6051317096868061
16	0.8460203580404679
17	0.7224716116438328
18	0.41819189812947205
19	0.48412820224931313
20	0.8742832693572795
21	0.7567834038370088
22	0.6681857692455162
23	0.6447408960216149
24	0.7807970293937014
25	0.9115931333749321
26	0.6946746840548218
27	0.6395310782127792
28	0.5420326634844285
29	0.27775888824662304
30	0.4073828764959693
Duration 2409,19800 seconds