Minimax Strategy with weighted average aggregation operator
5 Voters 5 Alternatives 
30 Questions for10 runs 
Mean of Regret reduced by half in 12 questions 
Mean of Regret reduced by four in 22 questions 
Mean of Regret reduced by eight in 25 questions 
Mean of Average Loss reduced by half in 5 questions 
Mean of Average Loss reduced by four in 7 questions 
Mean of Average Loss reduced by eight in 12 questions 
k 	 Mean of Regrets 
0 	5.0
1	5.0
2	5.0
3	5.0
4	4.8
5	4.1
6	3.85
7	3.583333333333333
8	3.5749999999999997
9	3.475
10	3.1216666666666666
11	2.9333333333333336
12	2.1
13	2.2916666666666665
14	2.35
15	2.3833333333333333
16	2.2
17	2.046666666666667
18	1.8166666666666664
19	1.55
20	1.405952380952381
21	1.6033333333333333
22	1.2442948717948716
23	1.2606462585034015
24	0.9183333333333333
25	0.42499999999999993
26	0.8703020993343574
27	0.5691666666666668
28	0.5204761904761905
29	0.6367525773195878
30	0.3834848484848485
k 	 Mean of Average Losses 
0 	1.186272002437657
1	1.186272002437657
2	1.0804983590702704
3	1.1418981627193059
4	1.2272155818982284
5	0.5817007729907127
6	0.704019877008816
7	0.15485521405873712
8	0.2724950037291593
9	0.32569952691575826
10	0.6207585209988005
11	0.4943077259027854
12	0.10905959911428618
13	0.4188052445893374
14	0.36074918087445773
15	0.3755770921634263
16	0.5391797794737523
17	0.5430989729542535
18	0.24789022276963907
19	0.2578911682762134
20	0.04301395518681526
21	0.4053294377491988
22	0.10803371587150612
23	0.030925178258142647
24	0.09262355425476776
25	0.013783524087906772
26	0.17932258442420398
27	0.03128063411092143
28	0.057931639629893596
29	0.14795532237255316
30	0.1025130762966865
k 	 Standard Deviations of Regrets 
1	0.0
2	0.0
3	0.0
4	0.2449489742783179
5	0.3000000000000001
6	0.1527525231651947
7	0.22360679774997888
8	0.2897556441785618
9	0.25289984842489194
10	0.46655058079960043
11	0.5066228051190221
12	0.421307488658818
13	0.8508574106942557
14	0.5878397362849466
15	0.6271629240742259
16	0.44440972086577946
17	0.22457367016935292
18	0.51478150704935
19	0.5763872155263527
20	0.6301308668023272
21	0.7304792947099871
22	0.6974573696968
23	1.0327954027223847
24	0.7086940258124251
25	0.5608153786130413
26	0.8376110801750934
27	0.3991318704388313
28	0.3540744377712026
29	0.6187315012040374
30	0.6214476456698022
k 	 Standard Deviations of Average Losses 
1	0.0
2	0.0
3	0.0
4	0.2449489742783179
5	0.3000000000000001
6	0.1527525231651947
7	0.22360679774997888
8	0.2897556441785618
9	0.25289984842489194
10	0.46655058079960043
11	0.5066228051190221
12	0.421307488658818
13	0.8508574106942557
14	0.5878397362849466
15	0.6271629240742259
16	0.44440972086577946
17	0.22457367016935292
18	0.51478150704935
19	0.5763872155263527
20	0.6301308668023272
21	0.7304792947099871
22	0.6974573696968
23	1.0327954027223847
24	0.7086940258124251
25	0.5608153786130413
26	0.8376110801750934
27	0.3991318704388313
28	0.3540744377712026
29	0.6187315012040374
30	0.6214476456698022
Duration 2398,14700 seconds