Random Strategy
5 Voters 5 Alternatives 
30 Questions for10 runs 
Mean of Regret reduced by half in -1 questions 
Mean of Regret reduced by four in -1 questions 
Mean of Regret reduced by eight in -1 questions 
Mean of Average Loss reduced by half in 12 questions 
Mean of Average Loss reduced by four in 18 questions 
Mean of Average Loss reduced by eight in 30 questions 
k 	 Mean of Regrets 
0 	5.0
1	5.0
2	5.0
3	5.0
4	4.992307692307692
5	4.925000000000001
6	4.942857142857143
7	4.8756682027649765
8	4.779831834831835
9	4.9352436991135695
10	4.839562979477816
11	4.705574712643679
12	4.560579757446397
13	4.485783590037755
14	4.23356576051114
15	4.278310217651031
16	4.1312389348375
17	4.017686763016874
18	3.814597218629974
19	3.8866785865994498
20	3.845914133565273
21	3.441218886178744
22	3.797699427041212
23	3.14079617280886
24	3.4647856237533
25	3.500977344472269
26	2.9970096293914916
27	3.28305808374114
28	3.2784600315864854
29	2.693993504207482
30	2.9645486971571686
k 	 Mean of Average Losses 
0 	1.08599971102523
1	1.08599971102523
2	0.9717222069724054
3	1.4824257069182198
4	0.9663416150151151
5	1.107115102319532
6	1.3986677625949597
7	0.8208559504227512
8	0.883689718073819
9	0.7069433785118393
10	0.9179499131987009
11	1.0607827443421596
12	0.521074251834786
13	0.881267353298696
14	0.8290612589760281
15	0.306201307095611
16	0.778358820769774
17	0.7396978585387898
18	0.21961932974940634
19	0.7672519626767547
20	0.9394501620883112
21	0.15026258432651055
22	0.4218031072375471
23	0.14139073619747453
24	0.7460535255003069
25	0.3176436798978996
26	0.4678411330700377
27	0.24739881577921174
28	0.6794906142006019
29	0.21269613603280252
30	0.05000436902283902
k 	 Standard Deviations of Regrets 
1	0.0
2	0.0
3	0.0
4	0.023076923076923012
5	0.16007810593582122
6	0.17142857142857137
7	0.1641689206811559
8	0.44100795688314604
9	0.08666189334426536
10	0.21980449230445548
11	0.36134831127464606
12	0.4070827235474207
13	0.5065409446094087
14	0.4449262972643798
15	0.5807648838578008
16	0.46974331222179266
17	0.5203685539489449
18	0.706879760383096
19	0.6046306350121579
20	0.33476915431861615
21	0.562331534214355
22	0.5851901669582746
23	0.9434862614531416
24	0.5671113458807
25	0.7785298532888012
26	0.48817302581724636
27	0.26074381273937025
28	0.5481782509315981
29	0.8607032914399381
30	0.8046376676014568
k 	 Standard Deviations of Average Losses 
1	0.0
2	0.0
3	0.0
4	0.023076923076923012
5	0.16007810593582122
6	0.17142857142857137
7	0.1641689206811559
8	0.44100795688314604
9	0.08666189334426536
10	0.21980449230445548
11	0.36134831127464606
12	0.4070827235474207
13	0.5065409446094087
14	0.4449262972643798
15	0.5807648838578008
16	0.46974331222179266
17	0.5203685539489449
18	0.706879760383096
19	0.6046306350121579
20	0.33476915431861615
21	0.562331534214355
22	0.5851901669582746
23	0.9434862614531416
24	0.5671113458807
25	0.7785298532888012
26	0.48817302581724636
27	0.26074381273937025
28	0.5481782509315981
29	0.8607032914399381
30	0.8046376676014568
Duration 1,95000 seconds