Two Phases Strategy
6 Voters 5 Alternatives 
30 Questions for10 runs 
Mean of Regret reduced by half in 18 questions 
Mean of Regret reduced by four in 27 questions 
Mean of Regret reduced by eight in -1 questions 
Mean of Average Loss reduced by half in 5 questions 
Mean of Average Loss reduced by four in 18 questions 
Mean of Average Loss reduced by eight in 29 questions 
k 	 Mean of Regrets 
0 	6.0
1	6.0
2	6.0
3	6.0
4	5.986582809224318
5	5.933652492255702
6	5.7801683406865045
7	4.775
8	4.780072463768116
9	4.673336017176597
10	4.450787106446778
11	4.308319157728828
12	4.03691904047976
13	3.878739912451182
14	3.601435695343011
15	3.6359807061410585
16	3.649328220505132
17	3.128582097229381
18	2.8586491663754803
19	3.0505124010321882
20	2.5246561293078127
21	2.0100926529693277
22	2.411698254424918
23	1.9140824591198462
24	2.256023853744769
25	1.830462292597388
26	2.2665993610462416
27	1.3078882607559308
28	1.8722545173953902
29	1.234205121383954
30	1.41272579980027
k 	 Mean of Average Losses 
0 	1.1616006964575691
1	1.1616006964575691
2	1.5183323145793493
3	1.11437541618842
4	0.8695610050897933
5	0.4404771872498874
6	0.7090090157894805
7	0.8068078948738073
8	0.469055222976913
9	0.5913781256801468
10	0.6315512680962116
11	0.7412622438341688
12	0.8374817623511436
13	0.4612197264095146
14	0.7051194829517191
15	0.6832883344974675
16	0.31028807252778606
17	0.4553395909630481
18	0.21802544052778988
19	0.6225601322008569
20	0.38521188892610914
21	0.16157479670043795
22	0.3292807597269405
23	0.3895048919807676
24	0.30690326680212066
25	0.40212271945115585
26	0.6758164245332153
27	0.332873462104362
28	0.16532467650690832
29	0.04332643590432403
30	0.33920498006709005
k 	 Standard Deviations of Regrets 
1	0.0
2	0.0
3	0.0
4	0.00670859538784085
5	0.022610104159680334
6	0.11005261997890385
7	0.07499999999999996
8	0.42530444882001334
9	0.11895851892072223
10	0.2624478918101843
11	0.4590252852184645
12	0.5736637029564005
13	0.6817906012830349
14	0.5935321050059975
15	0.6422205855211143
16	0.6533868943364998
17	0.8253804763992945
18	0.8899353236825812
19	0.5831144627334361
20	0.6486505967468505
21	0.7009643018598758
22	0.5341019536088915
23	0.9710933353228647
24	0.8007937560430936
25	0.8313342758736834
26	1.2427673928328926
27	0.9412766917218777
28	1.0527075972521693
29	0.6721991702453451
30	0.5291425247853342
k 	 Standard Deviations of Average Losses 
1	0.0
2	0.0
3	0.0
4	0.00670859538784085
5	0.022610104159680334
6	0.11005261997890385
7	0.07499999999999996
8	0.42530444882001334
9	0.11895851892072223
10	0.2624478918101843
11	0.4590252852184645
12	0.5736637029564005
13	0.6817906012830349
14	0.5935321050059975
15	0.6422205855211143
16	0.6533868943364998
17	0.8253804763992945
18	0.8899353236825812
19	0.5831144627334361
20	0.6486505967468505
21	0.7009643018598758
22	0.5341019536088915
23	0.9710933353228647
24	0.8007937560430936
25	0.8313342758736834
26	1.2427673928328926
27	0.9412766917218777
28	1.0527075972521693
29	0.6721991702453451
30	0.5291425247853342
Duration 3040,15400 seconds