Random Strategy
6 Voters 5 Alternatives 
30 Questions for10 runs 
Mean of Regret reduced by half in -1 questions 
Mean of Regret reduced by four in -1 questions 
Mean of Regret reduced by eight in -1 questions 
Mean of Average Loss reduced by half in 14 questions 
Mean of Average Loss reduced by four in 19 questions 
Mean of Average Loss reduced by eight in 23 questions 
k 	 Mean of Regrets 
0 	6.0
1	6.0
2	6.0
3	6.0
4	6.0
5	5.945738036936561
6	5.994389002729211
7	5.933950187119145
8	5.869898611860455
9	5.858723878562959
10	5.833712697530795
11	5.643628098309307
12	5.596315965934244
13	5.469152372471408
14	5.492524113761722
15	5.380322680804911
16	5.208329669857012
17	5.25538932951611
18	5.241873235844534
19	4.821493745332983
20	5.077511597561989
21	4.840796053173576
22	4.787530684154219
23	4.355718860823583
24	4.288717978953224
25	4.667580507668298
26	4.538400991648868
27	4.191812557065772
28	4.205103189879714
29	3.721352768760275
30	4.117688512223416
k 	 Mean of Average Losses 
0 	1.1401963987588313
1	1.1401963987588313
2	1.1591564368692475
3	1.3595214731957679
4	1.1883427788178589
5	1.229775630554864
6	1.2336598490682786
7	0.8865164447691046
8	1.039634618597228
9	0.8513583018542873
10	0.9517304322842162
11	0.6568238055408575
12	0.6857212976462702
13	0.5828399019432987
14	0.3725251500126574
15	0.8861766182608081
16	0.43188228043322996
17	0.739713841150254
18	0.4072869934146672
19	0.22888982882115796
20	0.5519841927688846
21	1.0702911514461173
22	0.4732947382289256
23	0.1321699377201236
24	0.3677906540810895
25	0.7942279403599488
26	0.4769724901721571
27	0.262820507357518
28	0.39853365163925913
29	0.3818380788828847
30	0.6651827850759247
k 	 Standard Deviations of Regrets 
1	0.0
2	0.0
3	0.0
4	0.0
5	0.14883071017900748
6	0.008700586447291573
7	0.15856347407057123
8	0.17657200988674726
9	0.17961056931201494
10	0.17860203204786929
11	0.4995697435001323
12	0.38387094700737234
13	0.34702079695136545
14	0.4177205026351866
15	0.3689542882051709
16	0.4449624774532395
17	0.5339748508210382
18	0.566289618365854
19	0.5607706422565898
20	0.2609245647310317
21	0.7068689160758164
22	0.558339366607921
23	0.6270452774364371
24	0.38801928145050957
25	0.558279392677119
26	0.5329673028284001
27	0.4389944353683342
28	0.5485936002812294
29	0.4733136584768377
30	0.8277031507536923
k 	 Standard Deviations of Average Losses 
1	0.0
2	0.0
3	0.0
4	0.0
5	0.14883071017900748
6	0.008700586447291573
7	0.15856347407057123
8	0.17657200988674726
9	0.17961056931201494
10	0.17860203204786929
11	0.4995697435001323
12	0.38387094700737234
13	0.34702079695136545
14	0.4177205026351866
15	0.3689542882051709
16	0.4449624774532395
17	0.5339748508210382
18	0.566289618365854
19	0.5607706422565898
20	0.2609245647310317
21	0.7068689160758164
22	0.558339366607921
23	0.6270452774364371
24	0.38801928145050957
25	0.558279392677119
26	0.5329673028284001
27	0.4389944353683342
28	0.5485936002812294
29	0.4733136584768377
30	0.8277031507536923
Duration 2,11500 seconds