Minimax Strategy with weighted average aggregation operator
6 Voters 5 Alternatives 
30 Questions for10 runs 
Mean of Regret reduced by half in 17 questions 
Mean of Regret reduced by four in 25 questions 
Mean of Regret reduced by eight in -1 questions 
Mean of Average Loss reduced by half in 4 questions 
Mean of Average Loss reduced by four in 9 questions 
Mean of Average Loss reduced by eight in 22 questions 
k 	 Mean of Regrets 
0 	6.0
1	6.0
2	6.0
3	6.0
4	5.65
5	5.3
6	5.000000000000001
7	4.783333333333333
8	4.458333333333333
9	4.397058823529411
10	4.008333333333334
11	3.9
12	3.5277777777777777
13	3.525213675213675
14	3.6583333333333337
15	3.5397684503354605
16	3.4751748251748253
17	2.649242424242424
18	2.3750000000000004
19	2.959145564580347
20	2.5157814407814407
21	2.716666666666667
22	2.058058608058608
23	1.8051546391752578
24	2.2228513356562134
25	1.3239769355153972
26	1.366008411834183
27	1.6076086956521738
28	1.7945117747749326
29	1.3902199427621003
30	1.263418808214566
k 	 Mean of Average Losses 
0 	1.3428144360221694
1	1.3428144360221694
2	1.3265651481990257
3	0.8502814419913318
4	0.6611143748212048
5	0.6260077327358912
6	0.6932205673782894
7	1.0141679869229903
8	0.38287667840075557
9	0.303607107703625
10	0.23497480116583822
11	0.4174170831429378
12	0.520975025152413
13	0.503258446177559
14	0.43286087637168935
15	0.41304523599504894
16	0.564695208515138
17	0.4564015658870609
18	0.24954528219093125
19	0.3577824560734515
20	0.30679242266926177
21	0.5267368226071165
22	0.08658416273464592
23	0.03936626353367707
24	0.5047501874427227
25	0.0
26	0.021754606254529966
27	0.2327806691858036
28	0.40404205476922017
29	0.41441964617258215
30	0.05039259905195719
k 	 Standard Deviations of Regrets 
1	0.0
2	0.0
3	0.0
4	0.3201562118716424
5	0.39999999999999997
6	0.1936491673103708
7	0.11303883305208771
8	0.2667968432263688
9	0.3640675417181794
10	0.606045927852557
11	0.42784992176644804
12	0.4887626099538393
13	0.24953166739971852
14	0.566972956439135
15	0.6381430826398322
16	0.42139598452509797
17	0.6864669892677664
18	0.9236476600955583
19	0.7171378976069065
20	0.756892713998053
21	0.7247604968386299
22	0.558534823758787
23	0.717590121010309
24	0.709739282635735
25	0.5595100969737593
26	0.9043480604286861
27	0.5170889030209305
28	0.8436795599232931
29	0.7490657162299411
30	0.6689517646768656
k 	 Standard Deviations of Average Losses 
1	0.0
2	0.0
3	0.0
4	0.3201562118716424
5	0.39999999999999997
6	0.1936491673103708
7	0.11303883305208771
8	0.2667968432263688
9	0.3640675417181794
10	0.606045927852557
11	0.42784992176644804
12	0.4887626099538393
13	0.24953166739971852
14	0.566972956439135
15	0.6381430826398322
16	0.42139598452509797
17	0.6864669892677664
18	0.9236476600955583
19	0.7171378976069065
20	0.756892713998053
21	0.7247604968386299
22	0.558534823758787
23	0.717590121010309
24	0.709739282635735
25	0.5595100969737593
26	0.9043480604286861
27	0.5170889030209305
28	0.8436795599232931
29	0.7490657162299411
30	0.6689517646768656
Duration 2992,38900 seconds