Random Strategy
3 Voters 6 Alternatives 
30 Questions for 10 runs 
Mean of Regret reduced by half in 29 questions 
Mean of Regret reduced by four in -1 questions 
Mean of Regret reduced by eight in -1 questions 
Mean of Average Loss reduced by half in 19 questions 
Mean of Average Loss reduced by four in 22 questions 
Mean of Average Loss reduced by eight in 22 questions 
k 	 Mean of Regrets 
0 	3.0
1	3.0
2	3.0
3	3.0
4	3.0
5	3.0
6	3.0
7	2.9512605042016804
8	2.940714285714286
9	2.957142857142857
10	2.88
11	2.8095238095238098
12	2.8076908646908647
13	2.8878139296016485
14	2.817348092708438
15	2.6908858001783407
16	2.4126147616547597
17	2.473834804238461
18	2.32489994983171
19	2.146801746925974
20	2.286174366964326
21	2.220091047970746
22	2.32753990091561
23	2.134159667980115
24	1.9642613457813936
25	1.7087528050949417
26	2.1241660123667345
27	1.5102659093399662
28	1.5085937198948562
29	1.4793665323059293
30	1.4957992286751143
k 	 Mean of Average Losses 
0 	0.6901671909990039
1	0.6901671909990039
2	0.808973484431608
3	1.0016338443891912
4	0.8970350931478795
5	0.9097272320346329
6	0.970550311548546
7	0.7640871332515319
8	0.7836437280171971
9	0.8035894681306406
10	0.508826593486348
11	0.6469919279958246
12	0.5169766098489562
13	0.6546302810260047
14	1.0060862106668524
15	0.5417763637427467
16	0.5244947461607344
17	0.5563212734347341
18	0.8435848698153923
19	0.32950022217666314
20	0.7576223599092696
21	0.1897103526526607
22	0.08476634343966367
23	0.36843432263697795
24	0.10478325005696279
25	0.2467281960793925
26	0.21922472631754913
27	0.21379977863803118
28	0.21019428704116386
29	0.26912131770748854
30	0.25044648266159775
k 	 Standard Deviations of Regrets 
1	0.0
2	0.0
3	0.0
4	0.0
5	0.0
6	0.0
7	0.12781951826441385
8	0.09368041635349014
9	0.10090295285912905
10	0.1687865186822955
11	0.3101184763727487
12	0.2850430597549079
13	0.13015248154999048
14	0.16779238352778691
15	0.25821882106992394
16	0.4449827984805984
17	0.35824427016332233
18	0.448224765991822
19	0.46262476334767877
20	0.5512559636895317
21	0.48706841312768684
22	0.4041234017746911
23	0.6056958739707194
24	0.5744503004049838
25	0.6884358932623702
26	0.5527757429364342
27	0.32975901959938075
28	0.2684026324439983
29	0.5062847956900999
30	0.34475151060382797
k 	 Standard Deviations of Average Losses 
1	0.0
2	0.0
3	0.0
4	0.0
5	0.0
6	0.0
7	0.12781951826441385
8	0.09368041635349014
9	0.10090295285912905
10	0.1687865186822955
11	0.3101184763727487
12	0.2850430597549079
13	0.13015248154999048
14	0.16779238352778691
15	0.25821882106992394
16	0.4449827984805984
17	0.35824427016332233
18	0.448224765991822
19	0.46262476334767877
20	0.5512559636895317
21	0.48706841312768684
22	0.4041234017746911
23	0.6056958739707194
24	0.5744503004049838
25	0.6884358932623702
26	0.5527757429364342
27	0.32975901959938075
28	0.2684026324439983
29	0.5062847956900999
30	0.34475151060382797
Duration 3.10300 seconds 
Questions to the voters: 2373 Question to the committee: 2277