Two Phases Strategy
3 Voters 6 Alternatives 
30 Questions for10 runs 
Mean of Regret reduced by half in 15 questions 
Mean of Regret reduced by four in 19 questions 
Mean of Regret reduced by eight in 22 questions 
Mean of Average Loss reduced by half in 7 questions 
Mean of Average Loss reduced by four in 12 questions 
Mean of Average Loss reduced by eight in 21 questions 
k 	 Mean of Regrets 
0 	3.0
1	3.0
2	3.0
3	3.0
4	3.0
5	3.0
6	2.941290322580645
7	2.8322580645161293
8	2.8098924731182797
9	2.1225396825396823
10	2.135476190476191
11	1.9596115288220552
12	1.6964013764013763
13	1.5602255956145898
14	1.50517316017316
15	1.313170359052712
16	0.9906981906981905
17	1.3944313906445744
18	1.131512269092914
19	0.6303675856307435
20	0.9622264605796014
21	0.6294421069035374
22	0.3372738372738372
23	0.3575193845654203
24	0.5411318150448585
25	0.5080892718392718
26	0.256969696969697
27	0.24857142857142853
28	0.1325513196480938
29	0.20413424866514102
30	0.10928571428571426
k 	 Mean of Average Losses 
0 	0.8545942584608497
1	0.8545942584608497
2	0.8933868324706159
3	0.8207518097700153
4	1.0097892618592486
5	0.9801268618696236
6	0.505108703046731
7	0.37591567205546034
8	0.7873076280574665
9	0.36417105724031823
10	0.34944835432166405
11	0.23388789338552662
12	0.16069494733015818
13	0.3418439313977491
14	0.23201719944817684
15	0.22048980785851793
16	0.25731761806351494
17	0.3243368182003506
18	0.4427797932933309
19	0.17381581082732755
20	0.2240934706422487
21	0.07677987954022421
22	0.05318131869359328
23	0.14261684412188075
24	0.11963241872129145
25	0.10497011503300613
26	0.048871916321697115
27	0.007370380014983558
28	0.03706421897566226
29	0.04330217606173925
30	0.0
k 	 Standard Deviations of Regrets 
1	0.0
2	0.0
3	0.0
4	0.0
5	0.0
6	0.040405506127567575
7	0.08461210999099338
8	0.23289677211841067
9	0.513493805350202
10	0.4246929218310139
11	0.3936187772028889
12	0.14346079588987695
13	0.38835665070648495
14	0.3056571281043847
15	0.2984860265209912
16	0.6121019709139115
17	0.24695311017017144
18	0.37635194218100465
19	0.5199850459022934
20	0.7356233808141607
21	0.5485055920062327
22	0.4702225588224565
23	0.4863827932554015
24	0.527473449147909
25	0.4434386186879627
26	0.5089913322528586
27	0.293897108192785
28	0.2809800445468713
29	0.303191350728021
30	0.22438237225680593
k 	 Standard Deviations of Average Losses 
1	0.0
2	0.0
3	0.0
4	0.0
5	0.0
6	0.040405506127567575
7	0.08461210999099338
8	0.23289677211841067
9	0.513493805350202
10	0.4246929218310139
11	0.3936187772028889
12	0.14346079588987695
13	0.38835665070648495
14	0.3056571281043847
15	0.2984860265209912
16	0.6121019709139115
17	0.24695311017017144
18	0.37635194218100465
19	0.5199850459022934
20	0.7356233808141607
21	0.5485055920062327
22	0.4702225588224565
23	0.4863827932554015
24	0.527473449147909
25	0.4434386186879627
26	0.5089913322528586
27	0.293897108192785
28	0.2809800445468713
29	0.303191350728021
30	0.22438237225680593
Duration 4427,76500 seconds