Minimax Strategy with weighted average aggregation operator
3 Voters 6 Alternatives 
30 Questions for10 runs 
Mean of Regret reduced by half in 12 questions 
Mean of Regret reduced by four in 17 questions 
Mean of Regret reduced by eight in 22 questions 
Mean of Average Loss reduced by half in 6 questions 
Mean of Average Loss reduced by four in 13 questions 
Mean of Average Loss reduced by eight in 17 questions 
k 	 Mean of Regrets 
0 	3.0
1	3.0
2	3.0
3	3.0
4	3.0
5	2.8
6	2.2600000000000002
7	2.12
8	1.8316666666666666
9	1.8133333333333335
10	1.9064285714285716
11	1.7166666666666663
12	1.4582034632034633
13	1.3595238095238094
14	1.4349999999999998
15	1.2433333333333334
16	1.2616666666666665
17	0.6120146520146519
18	0.6947826086956521
19	0.7285470085470085
20	0.6197392652902975
21	0.482405143875732
22	0.3258378317588843
23	0.20771549234419667
24	0.3505584346994039
25	0.35398928585314987
26	0.14958333333333335
27	0.15384369626666622
28	0.4275945121060129
29	0.13325819952217688
30	0.2411002009432458
k 	 Mean of Average Losses 
0 	0.9290319999830482
1	0.9290319999830482
2	0.9267128262140634
3	0.8333815788956687
4	1.0341021699698905
5	0.6364206143901692
6	0.284149389129912
7	0.47913480473427494
8	0.31757323422727207
9	0.2850151403735588
10	0.2994759597443893
11	0.28723295295850165
12	0.3715067283737469
13	0.20771725994546386
14	0.28387388277390274
15	0.22023090494242514
16	0.26767209237790945
17	0.07881813548024663
18	0.14359287412139907
19	0.30009970496304045
20	0.13631801863367643
21	0.09506093324528087
22	0.10278326978022376
23	0.04840458145274575
24	0.10190528216495179
25	0.02500269918621876
26	0.010940195615631242
27	0.04763739658889647
28	0.1304296184094546
29	0.0
30	0.0010966248548335946
k 	 Standard Deviations of Regrets 
1	0.0
2	0.0
3	0.0
4	0.0
5	0.24494897427831785
6	0.37469987990390385
7	0.44899888641287306
8	0.25204166322257127
9	0.18330302779823363
10	0.25230468299503384
11	0.14605934866804424
12	0.38566060001664965
13	0.263942290813387
14	0.4738406905279452
15	0.5127377497317708
16	0.5728122632144749
17	0.5796466625957448
18	0.5700356503957601
19	0.5574217439761945
20	0.6799214780271134
21	0.5071288206734218
22	0.3995383417888581
23	0.3612573757271752
24	0.53110735318943
25	0.5275255334905674
26	0.30639282383894045
27	0.15292281697353766
28	0.5775908395213443
29	0.16728379697296966
30	0.3620572768434558
k 	 Standard Deviations of Average Losses 
1	0.0
2	0.0
3	0.0
4	0.0
5	0.24494897427831785
6	0.37469987990390385
7	0.44899888641287306
8	0.25204166322257127
9	0.18330302779823363
10	0.25230468299503384
11	0.14605934866804424
12	0.38566060001664965
13	0.263942290813387
14	0.4738406905279452
15	0.5127377497317708
16	0.5728122632144749
17	0.5796466625957448
18	0.5700356503957601
19	0.5574217439761945
20	0.6799214780271134
21	0.5071288206734218
22	0.3995383417888581
23	0.3612573757271752
24	0.53110735318943
25	0.5275255334905674
26	0.30639282383894045
27	0.15292281697353766
28	0.5775908395213443
29	0.16728379697296966
30	0.3620572768434558
Duration 3479,35400 seconds