Minimax Strategy with weighted average aggregation operator
4 Voters 6 Alternatives 
30 Questions for10 runs 
Mean of Regret reduced by half in 18 questions 
Mean of Regret reduced by four in 29 questions 
Mean of Regret reduced by eight in -1 questions 
Mean of Average Loss reduced by half in 9 questions 
Mean of Average Loss reduced by four in 12 questions 
Mean of Average Loss reduced by eight in 12 questions 
k 	 Mean of Regrets 
0 	4.0
1	4.0
2	4.0
3	4.0
4	4.0
5	4.0
6	3.9876153395057883
7	3.9454763115170794
8	3.8624479208625893
9	3.641181164449468
10	3.3582560229984857
11	3.035927843503021
12	2.6574757230965087
13	2.682349650332092
14	2.5049363519383556
15	2.3996848888802353
16	2.3632271779579206
17	2.156487031051701
18	1.8620095515045456
19	1.9477528826762707
20	2.2059860771039554
21	1.517219167444361
22	1.6987163880584573
23	1.9951499094991558
24	1.3815240218400497
25	1.6063298965014445
26	1.329991730602205
27	1.1349933859563992
28	1.479646203068232
29	0.6741148710313036
30	0.8777446605693329
k 	 Mean of Average Losses 
0 	1.1948227041436037
1	1.1948227041436037
2	1.09153204165788
3	1.0109515611721673
4	0.8965052981602025
5	1.1165390260083512
6	0.9896158121396492
7	0.7787790497168033
8	0.9972977206355241
9	0.399959312026506
10	0.5917960309051078
11	0.5870684956980705
12	0.11144188771748416
13	0.5839141890586703
14	0.1961455603743949
15	0.30850237375767603
16	0.5946081503058189
17	0.5745039447050955
18	0.23872175967655102
19	0.2606088603414971
20	0.5408265880597528
21	0.05007446920537881
22	0.21740393690991422
23	0.7223229876309006
24	0.4337937335013752
25	0.29242450419841126
26	0.36423481886232
27	0.35422769435609447
28	0.3385893752138429
29	0.06173553343012221
30	0.31343112550293023
k 	 Standard Deviations of Regrets 
1	0.0
2	0.0
3	0.0
4	0.0
5	0.0
6	0.01026652942879555
7	0.02866608352562599
8	0.047018211022709644
9	0.11975528858628373
10	0.4174307711230567
11	0.531111642103396
12	0.09504871858241616
13	0.5193684988814278
14	0.2560965388204807
15	0.4177726482287379
16	0.4049366385212813
17	0.5868371076801404
18	0.5209865860224449
19	0.39511442914767153
20	0.2918511594451267
21	0.5453622533732416
22	0.5111370007965323
23	0.7441554584398927
24	0.6565563713143929
25	0.8000386942847137
26	0.5783956638633232
27	0.7325215054399729
28	1.015694612470285
29	0.6200068917735724
30	0.6908153947291266
k 	 Standard Deviations of Average Losses 
1	0.0
2	0.0
3	0.0
4	0.0
5	0.0
6	0.01026652942879555
7	0.02866608352562599
8	0.047018211022709644
9	0.11975528858628373
10	0.4174307711230567
11	0.531111642103396
12	0.09504871858241616
13	0.5193684988814278
14	0.2560965388204807
15	0.4177726482287379
16	0.4049366385212813
17	0.5868371076801404
18	0.5209865860224449
19	0.39511442914767153
20	0.2918511594451267
21	0.5453622533732416
22	0.5111370007965323
23	0.7441554584398927
24	0.6565563713143929
25	0.8000386942847137
26	0.5783956638633232
27	0.7325215054399729
28	1.015694612470285
29	0.6200068917735724
30	0.6908153947291266
Duration 7216,49300 seconds