Two Phases Strategy
4 Voters 6 Alternatives 
30 Questions for 10 runs 
Mean of Regret reduced by half in 18 questions 
Mean of Regret reduced by four in 27 questions 
Mean of Regret reduced by eight in -1 questions 
Mean of Average Loss reduced by half in 7 questions 
Mean of Average Loss reduced by four in 12 questions 
Mean of Average Loss reduced by eight in 18 questions 
k 	 Mean of Regrets 
0 	4.0
1	4.0
2	4.0
3	4.0
4	4.0
5	3.98913676042677
6	3.964000707142618
7	3.898096926318606
8	3.6381971930652486
9	2.9959207459207455
10	3.004566652204659
11	2.746530573414248
12	2.3769665041737316
13	2.5496391380172554
14	2.338315868354492
15	2.4969647584103045
16	2.405296110142055
17	2.142730336071123
18	1.887717249946311
19	1.8876325328942085
20	1.766337007488001
21	1.4402516862605188
22	1.856222841840819
23	1.4468072455569836
24	1.2491077958835255
25	1.211551214057776
26	1.291894830418037
27	0.9349480343338381
28	0.7935475772574146
29	0.7192227140268289
30	0.6547087567164294
k 	 Mean of Average Losses 
0 	1.2664201312509784
1	1.2664201312509784
2	0.7428299098103012
3	0.9247270037895038
4	0.945965797990704
5	0.9873647601547983
6	0.7222182780399766
7	0.5628816839769114
8	0.39599536547581804
9	0.4970287030308891
10	0.6682296933110256
11	0.6741850587431916
12	0.20302026583854613
13	0.24344661129360504
14	0.6259860574958037
15	0.363226175981297
16	0.44265884973435254
17	0.3255570264466566
18	0.1477532751901217
19	0.5818079242482682
20	0.45315563245532264
21	0.23943679085737185
22	0.5584332780575885
23	0.3519488517351271
24	0.20235577659864182
25	0.4269385608223953
26	0.37410736260728933
27	0.11980857354022217
28	0.09843629443274997
29	0.11724972380003976
30	0.264287019835779
k 	 Standard Deviations of Regrets 
1	0.0
2	0.0
3	0.0
4	0.0
5	0.007111659662394996
6	0.019122110706629145
7	0.066940790833253
8	0.08651851185742673
9	0.42020306364897597
10	0.4180760552871623
11	0.44038472178458216
12	0.30135257892150596
13	0.22485669245153983
14	0.3934848401209447
15	0.22797764172761947
16	0.3209085064278126
17	0.4376016104432129
18	0.5443627834841711
19	0.6927995672187605
20	0.5963138289855335
21	0.779597143756774
22	0.510819428520157
23	0.5770206967600519
24	0.5804058321099576
25	0.8138574808700684
26	0.8003399636429004
27	0.6876472905904382
28	0.7368272491541917
29	0.37394797490831216
30	0.5543154091804224
k 	 Standard Deviations of Average Losses 
1	0.0
2	0.0
3	0.0
4	0.0
5	0.007111659662394996
6	0.019122110706629145
7	0.066940790833253
8	0.08651851185742673
9	0.42020306364897597
10	0.4180760552871623
11	0.44038472178458216
12	0.30135257892150596
13	0.22485669245153983
14	0.3934848401209447
15	0.22797764172761947
16	0.3209085064278126
17	0.4376016104432129
18	0.5443627834841711
19	0.6927995672187605
20	0.5963138289855335
21	0.779597143756774
22	0.510819428520157
23	0.5770206967600519
24	0.5804058321099576
25	0.8138574808700684
26	0.8003399636429004
27	0.6876472905904382
28	0.7368272491541917
29	0.37394797490831216
30	0.5543154091804224
Duration 5961.50600 seconds 
Questions to the voters: 3510 Question to the committee: 1140