Random Strategy
4 Voters 6 Alternatives 
30 Questions for10 runs 
Mean of Regret reduced by half in -1 questions 
Mean of Regret reduced by four in -1 questions 
Mean of Regret reduced by eight in -1 questions 
Mean of Average Loss reduced by half in 19 questions 
Mean of Average Loss reduced by four in 26 questions 
Mean of Average Loss reduced by eight in -1 questions 
k 	 Mean of Regrets 
0 	4.0
1	4.0
2	4.0
3	4.0
4	4.0
5	4.0
6	4.0
7	4.0
8	3.947918022121015
9	3.835222536994866
10	3.890960451977401
11	3.8875430983024066
12	3.8339304937818275
13	3.709683925400572
14	3.674139781856504
15	3.7239469726550216
16	3.679414154233449
17	3.6008414906663417
18	3.564112694720666
19	3.431523137881798
20	3.420564036210924
21	3.493997766680812
22	2.9933550990633324
23	3.055673468651263
24	3.2258814464078474
25	2.9273792613242033
26	2.7602663582677227
27	2.6494831857694767
28	2.803813595490846
29	2.8384941665388914
30	2.712273483636121
k 	 Mean of Average Losses 
0 	1.241933629728038
1	1.241933629728038
2	1.2106636249602627
3	1.2392888515166431
4	1.0929363382839086
5	1.0772542258322007
6	0.7261522974502105
7	0.8373643767203944
8	1.1068138356594897
9	0.7147843595090408
10	1.0728233897940158
11	0.9826751105382285
12	0.9398570658976586
13	0.8894877420855198
14	0.911055832716574
15	0.7801253113976176
16	0.7364819700749496
17	0.7863765530287427
18	0.7052271755695064
19	0.47239078040853727
20	0.6038415858878654
21	0.624105224491098
22	0.6483672819760465
23	0.6564090213115072
24	0.7975389204519956
25	0.7593078554198125
26	0.19222402910303468
27	0.42074611393854777
28	0.17774440825587443
29	0.6699340038100116
30	0.35965934875205413
k 	 Standard Deviations of Regrets 
1	0.0
2	0.0
3	0.0
4	0.0
5	1.4043333874306804E-16
6	0.0
7	0.0
8	0.09915046091218509
9	0.2276428096240364
10	0.1681880195890559
11	0.14502746633654062
12	0.1924457116777564
13	0.33635065507402623
14	0.38998537103999753
15	0.2735691551608196
16	0.24612214837992114
17	0.3803442799477506
18	0.39654614552480794
19	0.38170648280562525
20	0.3577120739522629
21	0.22898510131304473
22	0.5507096493901534
23	0.4253973378196994
24	0.2826244816139451
25	0.6939470013686441
26	0.3708633569368485
27	0.5981908467854133
28	0.7043185935264424
29	0.5803573993261688
30	0.3537476186209234
k 	 Standard Deviations of Average Losses 
1	0.0
2	0.0
3	0.0
4	0.0
5	1.4043333874306804E-16
6	0.0
7	0.0
8	0.09915046091218509
9	0.2276428096240364
10	0.1681880195890559
11	0.14502746633654062
12	0.1924457116777564
13	0.33635065507402623
14	0.38998537103999753
15	0.2735691551608196
16	0.24612214837992114
17	0.3803442799477506
18	0.39654614552480794
19	0.38170648280562525
20	0.3577120739522629
21	0.22898510131304473
22	0.5507096493901534
23	0.4253973378196994
24	0.2826244816139451
25	0.6939470013686441
26	0.3708633569368485
27	0.5981908467854133
28	0.7043185935264424
29	0.5803573993261688
30	0.3537476186209234
Duration 3,07900 seconds