Random Strategy
5 Voters 6 Alternatives 
30 Questions for 10 runs 
Mean of Regret reduced by half in -1 questions 
Mean of Regret reduced by four in -1 questions 
Mean of Regret reduced by eight in -1 questions 
Mean of Average Loss reduced by half in 14 questions 
Mean of Average Loss reduced by four in 21 questions 
Mean of Average Loss reduced by eight in -1 questions 
k 	 Mean of Regrets 
0 	5.0
1	5.0
2	5.0
3	5.0
4	5.0
5	5.0
6	4.997997083130773
7	5.0
8	4.993377971635547
9	4.998936170212765
10	4.896051497522086
11	4.888309409888357
12	4.915843339079044
13	4.721363472524112
14	4.843304452511978
15	4.784302857054218
16	4.696546424364471
17	4.578763061983485
18	4.428253141403181
19	4.641873188148799
20	4.433484628131415
21	4.4061471494208515
22	4.287881643435038
23	4.201122354409742
24	4.006283148020914
25	3.8296475780801233
26	4.283882505737283
27	3.9334966371064968
28	4.003671732991673
29	4.225547510497019
30	3.707059584644358
k 	 Mean of Average Losses 
0 	1.1581422140502484
1	1.1581422140502484
2	1.1380994497740469
3	1.4232799235167028
4	1.108957253167598
5	1.2709632758453127
6	0.8378574841942481
7	0.8145239337400249
8	0.6382254278493722
9	1.3540814491956288
10	0.6468461029219498
11	0.5872827212229704
12	0.8800606179027026
13	0.732361658175006
14	0.4041261405930971
15	0.8317871492301437
16	0.6117222272063885
17	0.7037084933889519
18	1.419040454958992
19	0.628939065793777
20	1.0415334346470853
21	0.1755096884293299
22	0.6825411604261951
23	0.3773173026717666
24	0.5249108788817096
25	0.6555105561279614
26	0.5779886025778236
27	0.5683684632358614
28	0.4604348128639676
29	0.5316365164870425
30	0.510550452394926
k 	 Standard Deviations of Regrets 
1	0.0
2	0.0
3	0.0
4	0.0
5	0.0
6	0.0040815792309402835
7	0.0
8	0.010340966814826123
9	0.0031914893617020633
10	0.14525303055992553
11	0.23654621537668974
12	0.13049223518946637
13	0.3783164310788451
14	0.2935293653721681
15	0.2983287835501437
16	0.2832322888559264
17	0.369361718917579
18	0.4572807750050402
19	0.36308953228071567
20	0.38434873529362273
21	0.5183660186893231
22	0.420590891510669
23	0.600331957094425
24	0.590499769407733
25	0.5056168507567881
26	0.27549046648563336
27	0.48152749638340253
28	0.5394868845045357
29	0.36776000276143417
30	0.529201159293528
k 	 Standard Deviations of Average Losses 
1	0.0
2	0.0
3	0.0
4	0.0
5	0.0
6	0.0040815792309402835
7	0.0
8	0.010340966814826123
9	0.0031914893617020633
10	0.14525303055992553
11	0.23654621537668974
12	0.13049223518946637
13	0.3783164310788451
14	0.2935293653721681
15	0.2983287835501437
16	0.2832322888559264
17	0.369361718917579
18	0.4572807750050402
19	0.36308953228071567
20	0.38434873529362273
21	0.5183660186893231
22	0.420590891510669
23	0.600331957094425
24	0.590499769407733
25	0.5056168507567881
26	0.27549046648563336
27	0.48152749638340253
28	0.5394868845045357
29	0.36776000276143417
30	0.529201159293528
Duration 3.25300 seconds 
Questions to the voters: 2326 Question to the committee: 2324