Two Phases Strategy
5 Voters 6 Alternatives 
30 Questions for 10 runs 
Mean of Regret reduced by half in 22 questions 
Mean of Regret reduced by four in 30 questions 
Mean of Regret reduced by eight in -1 questions 
Mean of Average Loss reduced by half in 11 questions 
Mean of Average Loss reduced by four in 13 questions 
Mean of Average Loss reduced by eight in -1 questions 
k 	 Mean of Regrets 
0 	5.0
1	5.0
2	5.0
3	5.0
4	5.0
5	4.9958677685950414
6	4.971859504132231
7	4.90404958677686
8	4.705268595041321
9	4.04
10	3.7376687598116174
11	3.728052109181142
12	3.631304609369126
13	3.2801589359124264
14	3.504495263088014
15	3.2034027575698256
16	3.346018388207844
17	3.106739186870449
18	3.2181758042206363
19	3.2633867144472064
20	2.6131370242660568
21	2.702155294787609
22	2.239588747051959
23	1.8995088606554005
24	2.4863703013665504
25	2.0073950303427917
26	1.8193776500107288
27	1.4388207834490176
28	1.8296126124632293
29	1.564365335209685
30	1.1294363700815313
k 	 Mean of Average Losses 
0 	1.1573299688799445
1	1.1573299688799445
2	1.0221001510805974
3	1.068786311099578
4	1.0650665435007023
5	0.9592839251874633
6	0.8347956617574138
7	1.057788142047075
8	0.6227511471029673
9	0.7628239187344542
10	0.6543660648523233
11	0.3111552754844963
12	0.605649046533457
13	0.2737673027739606
14	0.2010178843668607
15	0.39626079847305773
16	0.3239572485431067
17	0.7296699746211912
18	0.6352179423677202
19	0.7414834227278052
20	0.800864000473938
21	0.3359964537650346
22	0.2137536149699828
23	0.24198207169452057
24	0.47105113719613156
25	0.2215892008260108
26	0.22114827017833352
27	0.21988828336402383
28	0.17346511941506526
29	0.14474718748687485
30	0.26408332935533574
k 	 Standard Deviations of Regrets 
1	0.0
2	0.0
3	0.0
4	0.0
5	0.004132231404958553
6	0.009903916514439075
7	0.0320602576228626
8	0.09827899101256844
9	0.4657347697344971
10	0.09675001451848063
11	0.11548100845691116
12	0.1318861285908981
13	0.22793848000703568
14	0.35078227239307996
15	0.38583951647914594
16	0.4154694403776949
17	0.464682822331264
18	0.4407798781568495
19	0.41399499675973106
20	0.5789162565330204
21	0.6324272239784644
22	0.7170732942903698
23	0.682053093375786
24	0.6806816625749201
25	0.6244881576235147
26	0.7587144075253797
27	0.8608815904069036
28	0.5186679637689011
29	0.9745153317381007
30	0.7284208339673176
k 	 Standard Deviations of Average Losses 
1	0.0
2	0.0
3	0.0
4	0.0
5	0.004132231404958553
6	0.009903916514439075
7	0.0320602576228626
8	0.09827899101256844
9	0.4657347697344971
10	0.09675001451848063
11	0.11548100845691116
12	0.1318861285908981
13	0.22793848000703568
14	0.35078227239307996
15	0.38583951647914594
16	0.4154694403776949
17	0.464682822331264
18	0.4407798781568495
19	0.41399499675973106
20	0.5789162565330204
21	0.6324272239784644
22	0.7170732942903698
23	0.682053093375786
24	0.6806816625749201
25	0.6244881576235147
26	0.7587144075253797
27	0.8608815904069036
28	0.5186679637689011
29	0.9745153317381007
30	0.7284208339673176
Duration 7846.60600 seconds 
Questions to the voters: 3510 Question to the committee: 1140