Minimax Strategy with weighted average aggregation operator
5 Voters 6 Alternatives 
30 Questions for10 runs 
Mean of Regret reduced by half in 22 questions 
Mean of Regret reduced by four in -1 questions 
Mean of Regret reduced by eight in -1 questions 
Mean of Average Loss reduced by half in 6 questions 
Mean of Average Loss reduced by four in 9 questions 
Mean of Average Loss reduced by eight in 21 questions 
k 	 Mean of Regrets 
0 	5.0
1	5.0
2	5.0
3	5.0
4	5.0
5	4.866666666666667
6	4.6833333333333345
7	4.333333333333333
8	4.013333333333334
9	3.8607142857142858
10	3.8799999999999994
11	3.78
12	3.6066666666666665
13	3.48
14	3.44
15	2.9616666666666664
16	2.879047619047619
17	3.0750660699062236
18	2.8104761904761904
19	2.719130036630036
20	2.5457983193277314
21	2.5478571428571426
22	1.9282173382173382
23	1.9641445427728617
24	2.334468085106383
25	2.0197540983606554
26	1.8242857142857145
27	2.09475599966036
28	1.756569992289033
29	1.4627842477370954
30	1.6147963782975225
k 	 Mean of Average Losses 
0 	1.312790860047157
1	1.312790860047157
2	1.2213322483874025
3	1.2585253167898733
4	1.09864268737413
5	0.8902306995618182
6	0.4676990085826777
7	0.35164601943451496
8	0.6487718519009067
9	0.2746447922117305
10	0.3596263159182045
11	0.44554885125591964
12	0.48509335307036305
13	0.6678053573915295
14	0.2974909511234088
15	0.6183205580042526
16	0.5478132693861613
17	0.3795660235981941
18	0.5608702651757695
19	0.5743391669881536
20	0.42173431389185734
21	0.14505548000826393
22	0.3206695332651148
23	0.14881496637687358
24	0.43458074389508605
25	0.3027061797714138
26	0.2427675947911775
27	0.100233569099435
28	0.5229441724071732
29	0.22129222302286575
30	0.07193807898137683
k 	 Standard Deviations of Regrets 
1	0.0
2	0.0
3	0.0
4	0.0
5	0.16329931618554497
6	0.1166666666666665
7	0.2788866755113586
8	0.2628687885618983
9	0.16245093450777365
10	0.198997487421324
11	0.37828560638755476
12	0.3819685850956856
13	0.44176414018744825
14	0.29544693074880435
15	0.47416886349813303
16	0.39562918115274537
17	0.40925362592857484
18	0.4897396226151032
19	0.6075551785993345
20	0.5282563570599552
21	0.5125272516398222
22	0.6939853318993601
23	0.7824231976408781
24	0.961239366010246
25	0.6573123355063328
26	0.5414987180760491
27	0.9788848266860899
28	1.1506024227617804
29	1.0024906659921091
30	0.7482338296610996
k 	 Standard Deviations of Average Losses 
1	0.0
2	0.0
3	0.0
4	0.0
5	0.16329931618554497
6	0.1166666666666665
7	0.2788866755113586
8	0.2628687885618983
9	0.16245093450777365
10	0.198997487421324
11	0.37828560638755476
12	0.3819685850956856
13	0.44176414018744825
14	0.29544693074880435
15	0.47416886349813303
16	0.39562918115274537
17	0.40925362592857484
18	0.4897396226151032
19	0.6075551785993345
20	0.5282563570599552
21	0.5125272516398222
22	0.6939853318993601
23	0.7824231976408781
24	0.961239366010246
25	0.6573123355063328
26	0.5414987180760491
27	0.9788848266860899
28	1.1506024227617804
29	1.0024906659921091
30	0.7482338296610996
Duration 6642,89600 seconds