Two Phases Strategy
6 Voters 6 Alternatives 
30 Questions for10 runs 
Mean of Regret reduced by half in 27 questions 
Mean of Regret reduced by four in -1 questions 
Mean of Regret reduced by eight in -1 questions 
Mean of Average Loss reduced by half in 7 questions 
Mean of Average Loss reduced by four in 28 questions 
Mean of Average Loss reduced by eight in -1 questions 
k 	 Mean of Regrets 
0 	6.0
1	6.0
2	6.0
3	6.0
4	6.0
5	5.996661698956781
6	5.979008395117273
7	5.922323763462025
8	5.738456236471757
9	5.026666666666667
10	4.856467661691543
11	4.580454545454545
12	4.6483444198078345
13	4.5616666666666665
14	4.4878898743532885
15	4.478356277515345
16	4.135562582345191
17	3.9976650865254735
18	3.722513877189572
19	3.7109498599982302
20	3.8255980593242787
21	3.515454545454545
22	3.246465635603251
23	3.4993603149553976
24	3.762207043401348
25	3.09885410052053
26	3.038495934959349
27	2.5948787249889955
28	2.7437364521911918
29	2.8473176526490853
30	2.214254926324936
k 	 Mean of Average Losses 
0 	1.2291946502013809
1	1.2291946502013809
2	1.247069464454211
3	1.3789252655711255
4	1.07577306239786
5	1.2372602445305956
6	0.8456182410870697
7	0.32921190839985964
8	0.8683538048025875
9	1.5918585015014746
10	1.0512550674368986
11	0.42710479255353234
12	0.7149251724279172
13	0.7633704310553993
14	0.7462986019873746
15	0.40778344245154363
16	0.993500581055286
17	0.42609005936470934
18	0.8749243295719233
19	0.4325210411310598
20	0.5763896914067382
21	0.6308032525206811
22	0.5684601699932551
23	0.6689079642720998
24	0.5377533715166432
25	0.39537304840973225
26	0.5272359352117081
27	0.47799202774310673
28	0.28882276049317057
29	0.5565854634551719
30	0.22382181371035895
k 	 Standard Deviations of Regrets 
1	0.0
2	0.0
3	0.0
4	0.0
5	0.0021854310318717334
6	0.001406705471042084
7	0.0022045384247673843
8	0.06728852497415054
9	0.4868949236402725
10	0.2937237760084439
11	0.18078043493853432
12	0.12954206583399447
13	0.3284686692314301
14	0.3063459789861211
15	0.3179418637901897
16	0.5617709962098368
17	0.5430353120988818
18	0.5437875535756101
19	0.7478019037874878
20	0.757744900549944
21	0.7135761410605803
22	0.5791514405976043
23	0.8638723000467088
24	0.6971873009995663
25	0.7263003609114415
26	0.49161123514143223
27	0.5123950189643499
28	0.8081621742697463
29	0.9387965915005179
30	0.8107116541248145
k 	 Standard Deviations of Average Losses 
1	0.0
2	0.0
3	0.0
4	0.0
5	0.0021854310318717334
6	0.001406705471042084
7	0.0022045384247673843
8	0.06728852497415054
9	0.4868949236402725
10	0.2937237760084439
11	0.18078043493853432
12	0.12954206583399447
13	0.3284686692314301
14	0.3063459789861211
15	0.3179418637901897
16	0.5617709962098368
17	0.5430353120988818
18	0.5437875535756101
19	0.7478019037874878
20	0.757744900549944
21	0.7135761410605803
22	0.5791514405976043
23	0.8638723000467088
24	0.6971873009995663
25	0.7263003609114415
26	0.49161123514143223
27	0.5123950189643499
28	0.8081621742697463
29	0.9387965915005179
30	0.8107116541248145
Duration 7973,35500 seconds