Minimax Strategy with weighted average aggregation operator
6 Voters 6 Alternatives 
30 Questions for 10 runs 
Mean of Regret reduced by half in 25 questions 
Mean of Regret reduced by four in -1 questions 
Mean of Regret reduced by eight in -1 questions 
Mean of Average Loss reduced by half in 6 questions 
Mean of Average Loss reduced by four in 10 questions 
Mean of Average Loss reduced by eight in -1 questions 
k 	 Mean of Regrets 
0 	6.0
1	6.0
2	6.0
3	6.0
4	6.0
5	5.75
6	5.2333333333333325
7	5.2266666666666675
8	4.883333333333333
9	4.827948717948718
10	4.736666666666667
11	4.6450000000000005
12	4.546564102564102
13	4.706666666666667
14	4.540666666666667
15	4.191666666666666
16	4.057104878463369
17	4.022777777777778
18	3.6685845153664305
19	3.9006935875643425
20	3.62874469480824
21	3.6620091896407683
22	3.5012626262626263
23	3.175
24	3.105414091929707
25	2.9328080808080803
26	2.995506329113924
27	2.8334915817772957
28	2.8077835480541964
29	2.770245130548065
30	2.7948184882383407
k 	 Mean of Average Losses 
0 	1.03877233490645
1	1.03877233490645
2	1.2748847489833695
3	1.1101440220960803
4	1.0585184077585994
5	1.0727980937491481
6	0.45929250337617855
7	0.6026863541711635
8	0.45685371977649014
9	0.41818528095867585
10	0.2282258590994985
11	0.568327958657204
12	0.8660183082875303
13	0.6195909741273978
14	0.5525754099614308
15	0.6915983841570918
16	0.21043959022849013
17	0.8393782079493544
18	0.6559464322214429
19	0.8031956731392054
20	0.34076219094524185
21	0.8614735543731197
22	0.3333940714372634
23	0.2780571100218398
24	0.6370651285928706
25	0.41977326763780215
26	0.4429484504759322
27	0.13590736707074158
28	0.3125023141926264
29	0.5921118847548019
30	0.4209357709184802
k 	 Standard Deviations of Regrets 
1	0.0
2	0.0
3	0.0
4	0.0
5	0.17078251276599327
6	0.36666666666666664
7	0.44059303469553673
8	0.4041451884327382
9	0.19418976464860374
10	0.21919042963698132
11	0.25831182706178996
12	0.3205741520806827
13	0.24913182588073055
14	0.3989786961731163
15	0.443249183780142
16	0.46534053594122704
17	0.5015189889688089
18	0.7656189348222686
19	0.6496266053564003
20	0.6044003934209334
21	0.6809407686966741
22	0.43516226844427075
23	0.4840260840078765
24	0.6870812143013683
25	0.2916893184609857
26	0.7782271094640837
27	0.6342084329222749
28	0.8507095035442975
29	1.043606458162888
30	0.5837188044079751
k 	 Standard Deviations of Average Losses 
1	0.0
2	0.0
3	0.0
4	0.0
5	0.17078251276599327
6	0.36666666666666664
7	0.44059303469553673
8	0.4041451884327382
9	0.19418976464860374
10	0.21919042963698132
11	0.25831182706178996
12	0.3205741520806827
13	0.24913182588073055
14	0.3989786961731163
15	0.443249183780142
16	0.46534053594122704
17	0.5015189889688089
18	0.7656189348222686
19	0.6496266053564003
20	0.6044003934209334
21	0.6809407686966741
22	0.43516226844427075
23	0.4840260840078765
24	0.6870812143013683
25	0.2916893184609857
26	0.7782271094640837
27	0.6342084329222749
28	0.8507095035442975
29	1.043606458162888
30	0.5837188044079751
Duration 10639.66800 seconds 
Questions to the voters: 3896 Question to the committee: 754