Random Strategy
6 Voters 6 Alternatives 
30 Questions for10 runs 
Mean of Regret reduced by half in -1 questions 
Mean of Regret reduced by four in -1 questions 
Mean of Regret reduced by eight in -1 questions 
Mean of Average Loss reduced by half in 14 questions 
Mean of Average Loss reduced by four in 30 questions 
Mean of Average Loss reduced by eight in -1 questions 
k 	 Mean of Regrets 
0 	6.0
1	6.0
2	6.0
3	6.0
4	6.0
5	6.0
6	5.999523099850968
7	5.975
8	5.994499651635439
9	5.964945688761122
10	5.975015557757653
11	5.8951092338999675
12	5.889170059309317
13	5.958188000971582
14	5.689875870650233
15	5.8977938987068494
16	5.7227170782288965
17	5.769782700027
18	5.587424652382327
19	5.475372667338619
20	5.703544344234542
21	5.373389901019662
22	5.488935029752576
23	5.34575599961224
24	5.401970653596299
25	4.752997735933666
26	5.008137947339
27	4.960135361480677
28	4.922722458310641
29	5.035914358979174
30	4.87143302656792
k 	 Mean of Average Losses 
0 	1.2603935659172067
1	1.2603935659172067
2	1.4678794288704935
3	1.3469701806785124
4	1.7234780718817437
5	1.114951995646567
6	1.0819168891808562
7	1.2565215681207054
8	0.958832945685068
9	1.1429711171506414
10	1.1808800663065921
11	1.263055675265
12	1.0587889906598322
13	1.3622811643701005
14	0.44432302538295565
15	1.0708594186683233
16	1.1906743339207764
17	1.2328065873538296
18	0.9755496840897028
19	0.488350132106548
20	0.7618897692802065
21	0.4282806556322849
22	0.6326688903255515
23	0.7076157399246961
24	0.5922534044007443
25	0.47687851063792586
26	0.8548049795807915
27	0.7586350892373036
28	0.46542478201332627
29	0.7789869563223125
30	0.31212170560876684
k 	 Standard Deviations of Regrets 
1	0.0
2	0.0
3	0.0
4	0.0
5	0.0
6	0.0014307004470938388
7	0.07499999999999998
8	0.00848870236109417
9	0.09287366093299582
10	0.05932118604230191
11	0.2984623323887389
12	0.19465433921302655
13	0.11677145998938057
14	0.32910442952211266
15	0.11395656947153919
16	0.28517165496616204
17	0.21947715297403683
18	0.22416550450036773
19	0.36143638735384354
20	0.19688068466395311
21	0.5457531873540897
22	0.35798916918860313
23	0.3538118387811216
24	0.5340745120943132
25	0.39621729259610383
26	0.5544864811306063
27	0.5820455431766492
28	0.5572235129060548
29	0.48736142122465126
30	0.37088803974282875
k 	 Standard Deviations of Average Losses 
1	0.0
2	0.0
3	0.0
4	0.0
5	0.0
6	0.0014307004470938388
7	0.07499999999999998
8	0.00848870236109417
9	0.09287366093299582
10	0.05932118604230191
11	0.2984623323887389
12	0.19465433921302655
13	0.11677145998938057
14	0.32910442952211266
15	0.11395656947153919
16	0.28517165496616204
17	0.21947715297403683
18	0.22416550450036773
19	0.36143638735384354
20	0.19688068466395311
21	0.5457531873540897
22	0.35798916918860313
23	0.3538118387811216
24	0.5340745120943132
25	0.39621729259610383
26	0.5544864811306063
27	0.5820455431766492
28	0.5572235129060548
29	0.48736142122465126
30	0.37088803974282875
Duration 3,05200 seconds